0,1,0,0
0,1,1,0
0,1,2,0
0,1,3,0
0,1,4,0
0,1,5,0
0,1,6,0
0,1,7,0
0,1,8,0
0,1,9,1208925819614629174706176
0,1,10,604462909807314587353088
0,1,11,302231454903657293676544
0,1,12,151115727451828646838272
0,1,13,75557863725914323419136
0,1,14,37778931862957161709568
0,1,15,18889465931478580854784
0,1,16,9444732965739290427392
0,1,17,4722366482869645213696
0,1,18,2361183241434822606848
0,1,19,1180591620717411303424
0,1,20,590295810358705651712
0,1,21,295147905179352825856
0,1,22,147573952589676412928
0,1,23,73786976294838206464
0,1,24,36893488147419103232
0,1,25,18446744073709551616
0,1,26,9223372036854775808
0,1,27,4611686018427387904
0,1,28,2305843009213693952
0,1,29,1152921504606846976
0,1,30,576460752303423488
0,1,31,288230376151711744
0,1,32,144115188075855872
0,1,33,72057594037927936
0,1,34,36028797018963968
0,1,35,18014398509481984
0,1,36,9007199254740992
0,1,37,4503599627370496
0,1,38,2251799813685248
0,1,39,1125899906842624
0,1,40,562949953421312
0,1,41,281474976710656
0,1,42,140737488355328
0,1,43,70368744177664
0,1,44,35184372088832
0,1,45,17592186044416
0,1,46,8796093022208
0,1,47,4398046511104
0,1,48,2199023255552
0,1,49,1099511627776
0,1,50,549755813888
0,1,51,274877906944
0,1,52,137438953472
0,1,53,68719476736
0,1,54,34359738368
0,1,55,17179869184
0,1,56,8589934592
0,1,57,4294967296
0,1,58,2147483648
0,1,59,1073741824
0,1,60,536870912
0,1,61,268435456
0,1,62,134217728
0,1,63,67108864
0,1,64,33554432
0,1,65,16777216
0,1,66,8388608
0,1,67,4194304
0,1,68,2097152
0,1,69,1048576
0,1,70,524288
0,1,71,262144
0,1,72,131072
0,1,73,65536
0,1,74,32768
0,1,75,16384
0,1,76,8192
0,1,77,4096
0,1,78,2048
0,1,79,1024
0,1,80,512
0,3,0,0
0,3,1,0
0,3,2,0
0,3,3,0
0,3,4,0
0,3,5,0
0,3,6,0
0,3,7,0
0,3,8,0
0,3,9,0
0,3,10,0
0,3,11,0
0,3,12,0
0,3,13,0
0,3,14,0
0,3,15,0
0,3,16,0
0,3,17,0
0,3,18,604462909807314587353088
0,3,19,1511157274518286468382720
0,3,20,755578637259143234191360
0,3,21,377789318629571617095680
0,3,22,188894659314785808547840
0,3,23,94447329657392904273920
0,3,24,47223664828696452136960
0,3,25,23611832414348226068480
0,3,26,9444732965739290427392
0,3,27,1180591620717411303424
0,3,28,2951479051793528258560
0,3,29,1475739525896764129280
0,3,30,737869762948382064640
0,3,31,368934881474191032320
0,3,32,184467440737095516160
0,3,33,92233720368547758080
0,3,34,46116860184273879040
0,3,35,18446744073709551616
0,3,36,2305843009213693952
0,3,37,5764607523034234880
0,3,38,2882303761517117440
0,3,39,1441151880758558720
0,3,40,720575940379279360
0,3,41,360287970189639680
0,3,42,180143985094819840
0,3,43,90071992547409920
0,3,44,36028797018963968
0,3,45,4503599627370496
0,3,46,11258999068426240
0,3,47,5629499534213120
0,3,48,2814749767106560
0,3,49,1407374883553280
0,3,50,703687441776640
0,3,51,351843720888320
0,3,52,175921860444160
0,3,53,70368744177664
0,3,54,8796093022208
0,3,55,21990232555520
0,3,56,10995116277760
0,3,57,5497558138880
0,3,58,2748779069440
0,3,59,1374389534720
0,3,60,687194767360
0,3,61,343597383680
0,3,62,137438953472
0,3,63,17179869184
0,3,64,42949672960
0,3,65,21474836480
0,3,66,10737418240
0,3,67,5368709120
0,3,68,2684354560
0,3,69,1342177280
0,3,70,671088640
0,3,71,268435456
0,3,72,33554432
0,3,73,83886080
0,3,74,41943040
0,3,75,20971520
0,3,76,10485760
0,3,77,5242880
0,3,78,2621440
0,3,79,1310720
0,3,80,524288
0,4,0,1180591620717411303424
0,4,1,2951479051793528258560
0,4,2,1475739525896764129280
0,4,3,737869762948382064640
0,4,4,368934881474191032320
0,4,5,184467440737095516160
0,4,6,92233720368547758080
0,4,7,46116860184273879040
0,4,8,18446744073709551616
0,4,9,1813391035264952975753216
0,4,10,2115625948933124089970688
0,4,11,1057812974466562044985344
0,4,12,528906487233281022492672
0,4,13,264453243616640511246336
0,4,14,132226621808320255623168
0,4,15,66113310904160127811584
0,4,16,33056655452080063905792
0,4,17,14167135477405954605056
0,4,18,3541779365751861280768
0,4,19,4132081931510007988224
0,4,20,2066040965755003994112
0,4,21,1033020482877501997056
0,4,22,516510241438750998528
0,4,23,258255120719375499264
0,4,24,129127560359687749632
0,4,25,64563780179843874816
0,4,26,27670186479308505088
0,4,27,6917537823734104064
0,4,28,8070472522480484352
0,4,29,4035236261240242176
0,4,30,2017618130620121088
0,4,31,1008809065310060544
0,4,32,504404532655030272
0,4,33,252202266327515136
0,4,34,126101133163757568
0,4,35,54043332967399424
0,4,36,13510816061980672
0,4,37,15762641645469696
0,4,38,7881320822734848
0,4,39,3940660411367424
0,4,40,1970330205683712
0,4,41,985165102841856
0,4,42,492582551420928
0,4,43,246291275710464
0,4,44,105553384701952
0,4,45,26388312621056
0,4,46,30786409463808
0,4,47,15393204731904
0,4,48,7696602365952
0,4,49,3848301182976
0,4,50,1924150591488
0,4,51,962075295744
0,4,52,481037647872
0,4,53,206158954496
0,4,54,51539673088
0,4,55,60129705984
0,4,56,30064852992
0,4,57,15032426496
0,4,58,7516213248
0,4,59,3758106624
0,4,60,1879053312
0,4,61,939526656
0,4,62,402654208
0,4,63,100663424
0,4,64,117440832
0,4,65,58720416
0,4,66,29360208
0,4,67,14680104
0,4,68,7340052
0,4,69,3670026
0,4,70,1835013
0,4,71,786434
0,4,72,196608
0,4,73,229376
0,4,74,114688
0,4,75,57344
0,4,76,28672
0,4,77,14336
0,4,78,7168
0,4,79,3584
0,4,80,1536
0,5,0,606824093048749409959936
0,5,1,1512337866139003879686144
0,5,2,756168933069501939843072
0,5,3,378084466534750969921536
0,5,4,189042233267375484960768
0,5,5,94521116633687742480384
0,5,6,47260558316843871240192
0,5,7,23630279158421935620096
0,5,8,9453956337776145203200
0,5,9,1814573932728679600750592
0,5,10,2118573969220403797688320
0,5,11,1059286984610201898844160
0,5,12,529643492305100949422080
0,5,13,264821746152550474711040
0,5,14,132410873076275237355520
0,5,15,66205436538137618677760
0,5,16,33102718269068809338880
0,5,17,14185564207081154674688
0,5,18,3544089712360702345216
0,5,19,4137839783633601167360
0,5,20,2068919891816800583680
0,5,21,1034459945908400291840
0,5,22,517229972954200145920
0,5,23,258614986477100072960
0,5,24,129307493238550036480
0,5,25,64653746619275018240
0,5,26,27706180091955380224
0,5,27,6922050219454496768
0,5,28,8081718327409377280
0,5,29,4040859163704688640
0,5,30,2020429581852344320
0,5,31,1010214790926172160
0,5,32,505107395463086080
0,5,33,252553697731543040
0,5,34,126276848865771520
0,5,35,54113632992100352
0,5,36,13519629334872064
0,5,37,15784606108221440
0,5,38,7892303054110720
0,5,39,3946151527055360
0,5,40,1973075763527680
0,5,41,986537881763840
0,5,42,493268940881920
0,5,43,246634470440960
0,5,44,105690689437696
0,5,45,26405526044672
0,5,46,30829308805120
0,5,47,15414654402560
0,5,48,7707327201280
0,5,49,3853663600640
0,5,50,1926831800320
0,5,51,963415900160
0,5,52,481707950080
0,5,53,206427127808
0,5,54,51573293056
0,5,55,60213493760
0,5,56,30106746880
0,5,57,15053373440
0,5,58,7526686720
0,5,59,3763343360
0,5,60,1881671680
0,5,61,940835840
0,5,62,403177984
0,5,63,100729088
0,5,64,117604480
0,5,65,58802240
0,5,66,29401120
0,5,67,14700560
0,5,68,7350280
0,5,69,3675140
0,5,70,1837570
0,5,71,787457
0,5,72,196736
0,5,73,229696
0,5,74,114848
0,5,75,57424
0,5,76,28712
0,5,77,14356
0,5,78,7178
0,5,79,3589
0,5,80,1538
0,8,0,608004684669466821263360
0,8,1,1515289345190797407944704
0,8,2,757644672595398703972352
0,8,3,378822336297699351986176
0,8,4,189411168148849675993088
0,8,5,94705584074424837996544
0,8,6,47352792037212418998272
0,8,7,23676396018606209499136
0,8,8,9472403081849854754816
0,8,9,1814576238571688814444544
0,8,10,2118579733827926831923200
0,8,11,1059289866913963415961600
0,8,12,529644933456981707980800
0,8,13,264822466728490853990400
0,8,14,132411233364245426995200
0,8,15,66205616682122713497600
0,8,16,33102808341061356748800
0,8,17,14185600235878173638656
0,8,18,3544094215960329715712
0,8,19,4137851042632669593600
0,8,20,2068925521316334796800
0,8,21,1034462760658167398400
0,8,22,517231380329083699200
0,8,23,258615690164541849600
0,8,24,129307845082270924800
0,8,25,64653922541135462400
0,8,26,27706250460699557888
0,8,27,6922059015547518976
0,8,28,8081740317641932800
0,8,29,4040870158820966400
0,8,30,2020435079410483200
0,8,31,1010217539705241600
0,8,32,505108769852620800
0,8,33,252554384926310400
0,8,34,126277192463155200
0,8,35,54113770431053824
0,8,36,13519646514741248
0,8,37,15784649057894400
0,8,38,7892324528947200
0,8,39,3946162264473600
0,8,40,1973081132236800
0,8,41,986540566118400
0,8,42,493270283059200
0,8,43,246635141529600
0,8,44,105690957873152
0,8,45,26405559599104
0,8,46,30829392691200
0,8,47,15414696345600
0,8,48,7707348172800
0,8,49,3853674086400
0,8,50,1926837043200
0,8,51,963418521600
0,8,52,481709260800
0,8,53,206427652096
0,8,54,51573358592
0,8,55,60213657600
0,8,56,30106828800
0,8,57,15053414400
0,8,58,7526707200
0,8,59,3763353600
0,8,60,1881676800
0,8,61,940838400
0,8,62,403179008
0,8,63,100729216
0,8,64,117604800
0,8,65,58802400
0,8,66,29401200
0,8,67,14700600
0,8,68,7350300
0,8,69,3675150
0,8,70,1837575
0,8,71,787459
0,8,72,196736
0,8,73,229696
0,8,74,114848
0,8,75,57424
0,8,76,28712
0,8,77,14356
0,8,78,7178
0,8,79,3589
0,8,80,1538
0,9,0,606824093048749409959936
0,9,1,1512337866139003879686144
0,9,2,756168933069501939843072
0,9,3,378084466534750969921536
0,9,4,189042233267375484960768
0,9,5,94521116633687742480384
0,9,6,47260558316843871240192
0,9,7,23630279158421935620096
0,9,8,9453956337776145203200
0,9,9,1814573932728679600750592
0,9,10,2118573969220403797688320
0,9,11,1059286984610201898844160
0,9,12,529643492305100949422080
0,9,13,264821746152550474711040
0,9,14,132410873076275237355520
0,9,15,66205436538137618677760
0,9,16,33102718269068809338880
0,9,17,14185564207081154674688
0,9,18,3544089712360702345216
0,9,19,4137839783633601167360
0,9,20,2068919891816800583680
0,9,21,1034459945908400291840
0,9,22,517229972954200145920
0,9,23,258614986477100072960
0,9,24,129307493238550036480
0,9,25,64653746619275018240
0,9,26,27706180091955380224
0,9,27,6922050219454496768
0,9,28,8081718327409377280
0,9,29,4040859163704688640
0,9,30,2020429581852344320
0,9,31,1010214790926172160
0,9,32,505107395463086080
0,9,33,252553697731543040
0,9,34,126276848865771520
0,9,35,54113632992100352
0,9,36,13519629334872064
0,9,37,15784606108221440
0,9,38,7892303054110720
0,9,39,3946151527055360
0,9,40,1973075763527680
0,9,41,986537881763840
0,9,42,493268940881920
0,9,43,246634470440960
0,9,44,105690689437696
0,9,45,26405526044672
0,9,46,30829308805120
0,9,47,15414654402560
0,9,48,7707327201280
0,9,49,3853663600640
0,9,50,1926831800320
0,9,51,963415900160
0,9,52,481707950080
0,9,53,206427127808
0,9,54,51573293056
0,9,55,60213493760
0,9,56,30106746880
0,9,57,15053373440
0,9,58,7526686720
0,9,59,3763343360
0,9,60,1881671680
0,9,61,940835840
0,9,62,403177984
0,9,63,100729088
0,9,64,117604480
0,9,65,58802240
0,9,66,29401120
0,9,67,14700560
0,9,68,7350280
0,9,69,3675140
0,9,70,1837570
0,9,71,787457
0,9,72,196736
0,9,73,229696
0,9,74,114848
0,9,75,57424
0,9,76,28712
0,9,77,14356
0,9,78,7178
0,9,79,3589
0,9,80,1538
0,10,0,606824093048749409959936
0,10,1,1512337866139003879686144
0,10,2,756168933069501939843072
0,10,3,378084466534750969921536
0,10,4,189042233267375484960768
0,10,5,94521116633687742480384
0,10,6,47260558316843871240192
0,10,7,23630279158421935620096
0,10,8,9453956337776145203200
0,10,9,1814573932728679600750592
0,10,10,2118573969220403797688320
0,10,11,1059286984610201898844160
0,10,12,529643492305100949422080
0,10,13,264821746152550474711040
0,10,14,132410873076275237355520
0,10,15,66205436538137618677760
0,10,16,33102718269068809338880
0,10,17,14185564207081154674688
0,10,18,3544089712360702345216
0,10,19,4137839783633601167360
0,10,20,2068919891816800583680
0,10,21,1034459945908400291840
0,10,22,517229972954200145920
0,10,23,258614986477100072960
0,10,24,129307493238550036480
0,10,25,64653746619275018240
0,10,26,27706180091955380224
0,10,27,6922050219454496768
0,10,28,8081718327409377280
0,10,29,4040859163704688640
0,10,30,2020429581852344320
0,10,31,1010214790926172160
0,10,32,505107395463086080
0,10,33,252553697731543040
0,10,34,126276848865771520
0,10,35,54113632992100352
0,10,36,13519629334872064
0,10,37,15784606108221440
0,10,38,7892303054110720
0,10,39,3946151527055360
0,10,40,1973075763527680
0,10,41,986537881763840
0,10,42,493268940881920
0,10,43,246634470440960
0,10,44,105690689437696
0,10,45,26405526044672
0,10,46,30829308805120
0,10,47,15414654402560
0,10,48,7707327201280
0,10,49,3853663600640
0,10,50,1926831800320
0,10,51,963415900160
0,10,52,481707950080
0,10,53,206427127808
0,10,54,51573293056
0,10,55,60213493760
0,10,56,30106746880
0,10,57,15053373440
0,10,58,7526686720
0,10,59,3763343360
0,10,60,1881671680
0,10,61,940835840
0,10,62,403177984
0,10,63,100729088
0,10,64,117604480
0,10,65,58802240
0,10,66,29401120
0,10,67,14700560
0,10,68,7350280
0,10,69,3675140
0,10,70,1837570
0,10,71,787457
0,10,72,196736
0,10,73,229696
0,10,74,114848
0,10,75,57424
0,10,76,28712
0,10,77,14356
0,10,78,7178
0,10,79,3589
0,10,80,1538
0,11,0,606824093048749409959936
0,11,1,1512337866139003879686144
0,11,2,756168933069501939843072
0,11,3,378084466534750969921536
0,11,4,189042233267375484960768
0,11,5,94521116633687742480384
0,11,6,47260558316843871240192
0,11,7,23630279158421935620096
0,11,8,9453956337776145203200
0,11,9,1814573932728679600750592
0,11,10,2118573969220403797688320
0,11,11,1059286984610201898844160
0,11,12,529643492305100949422080
0,11,13,264821746152550474711040
0,11,14,132410873076275237355520
0,11,15,66205436538137618677760
0,11,16,33102718269068809338880
0,11,17,14185564207081154674688
0,11,18,3544089712360702345216
0,11,19,4137839783633601167360
0,11,20,2068919891816800583680
0,11,21,1034459945908400291840
0,11,22,517229972954200145920
0,11,23,258614986477100072960
0,11,24,129307493238550036480
0,11,25,64653746619275018240
0,11,26,27706180091955380224
0,11,27,6922050219454496768
0,11,28,8081718327409377280
0,11,29,4040859163704688640
0,11,30,2020429581852344320
0,11,31,1010214790926172160
0,11,32,505107395463086080
0,11,33,252553697731543040
0,11,34,126276848865771520
0,11,35,54113632992100352
0,11,36,13519629334872064
0,11,37,15784606108221440
0,11,38,7892303054110720
0,11,39,3946151527055360
0,11,40,1973075763527680
0,11,41,986537881763840
0,11,42,493268940881920
0,11,43,246634470440960
0,11,44,105690689437696
0,11,45,26405526044672
0,11,46,30829308805120
0,11,47,15414654402560
0,11,48,7707327201280
0,11,49,3853663600640
0,11,50,1926831800320
0,11,51,963415900160
0,11,52,481707950080
0,11,53,206427127808
0,11,54,51573293056
0,11,55,60213493760
0,11,56,30106746880
0,11,57,15053373440
0,11,58,7526686720
0,11,59,3763343360
0,11,60,1881671680
0,11,61,940835840
0,11,62,403177984
0,11,63,100729088
0,11,64,117604480
0,11,65,58802240
0,11,66,29401120
0,11,67,14700560
0,11,68,7350280
0,11,69,3675140
0,11,70,1837570
0,11,71,787457
0,11,72,196736
0,11,73,229696
0,11,74,114848
0,11,75,57424
0,11,76,28712
0,11,77,14356
0,11,78,7178
0,11,79,3589
0,11,80,1538
0,12,0,606824093048749409959936
0,12,1,1512337866139003879686144
0,12,2,756168933069501939843072
0,12,3,378084466534750969921536
0,12,4,189042233267375484960768
0,12,5,94521116633687742480384
0,12,6,47260558316843871240192
0,12,7,23630279158421935620096
0,12,8,9453956337776145203200
0,12,9,1814573932728679600750592
0,12,10,2118573969220403797688320
0,12,11,1059286984610201898844160
0,12,12,529643492305100949422080
0,12,13,264821746152550474711040
0,12,14,132410873076275237355520
0,12,15,66205436538137618677760
0,12,16,33102718269068809338880
0,12,17,14185564207081154674688
0,12,18,3544089712360702345216
0,12,19,4137839783633601167360
0,12,20,2068919891816800583680
0,12,21,1034459945908400291840
0,12,22,517229972954200145920
0,12,23,258614986477100072960
0,12,24,129307493238550036480
0,12,25,64653746619275018240
0,12,26,27706180091955380224
0,12,27,6922050219454496768
0,12,28,8081718327409377280
0,12,29,4040859163704688640
0,12,30,2020429581852344320
0,12,31,1010214790926172160
0,12,32,505107395463086080
0,12,33,252553697731543040
0,12,34,126276848865771520
0,12,35,54113632992100352
0,12,36,13519629334872064
0,12,37,15784606108221440
0,12,38,7892303054110720
0,12,39,3946151527055360
0,12,40,1973075763527680
0,12,41,986537881763840
0,12,42,493268940881920
0,12,43,246634470440960
0,12,44,105690689437696
0,12,45,26405526044672
0,12,46,30829308805120
0,12,47,15414654402560
0,12,48,7707327201280
0,12,49,3853663600640
0,12,50,1926831800320
0,12,51,963415900160
0,12,52,481707950080
0,12,53,206427127808
0,12,54,51573293056
0,12,55,60213493760
0,12,56,30106746880
0,12,57,15053373440
0,12,58,7526686720
0,12,59,3763343360
0,12,60,1881671680
0,12,61,940835840
0,12,62,403177984
0,12,63,100729088
0,12,64,117604480
0,12,65,58802240
0,12,66,29401120
0,12,67,14700560
0,12,68,7350280
0,12,69,3675140
0,12,70,1837570
0,12,71,787457
0,12,72,196736
0,12,73,229696
0,12,74,114848
0,12,75,57424
0,12,76,28712
0,12,77,14356
0,12,78,7178
0,12,79,3589
0,12,80,1538
1,1,0,2361183241434822606848
1,1,1,1180591620717411303424
1,1,2,590295810358705651712
1,1,3,295147905179352825856
1,1,4,147573952589676412928
1,1,5,73786976294838206464
1,1,6,36893488147419103232
1,1,7,18446744073709551616
1,1,8,9223372036854775808
1,1,9,4611686018427387904
1,1,10,2305843009213693952
1,1,11,1152921504606846976
1,1,12,576460752303423488
1,1,13,288230376151711744
1,1,14,144115188075855872
1,1,15,72057594037927936
1,1,16,36028797018963968
1,1,17,18014398509481984
1,1,18,9007199254740992
1,1,19,4503599627370496
1,1,20,2251799813685248
1,1,21,1125899906842624
1,1,22,562949953421312
1,1,23,281474976710656
1,1,24,140737488355328
1,1,25,70368744177664
1,1,26,35184372088832
1,1,27,17592186044416
1,1,28,8796093022208
1,1,29,4398046511104
1,1,30,2199023255552
1,1,31,1099511627776
1,1,32,549755813888
1,1,33,274877906944
1,1,34,137438953472
1,1,35,68719476736
1,1,36,34359738368
1,1,37,17179869184
1,1,38,8589934592
1,1,39,4294967296
1,1,40,2147483648
1,1,41,1073741824
1,1,42,536870912
1,1,43,268435456
1,1,44,134217728
1,1,45,67108864
1,1,46,33554432
1,1,47,16777216
1,1,48,8388608
1,1,49,4194304
1,1,50,2097152
1,1,51,1048576
1,1,52,524288
1,1,53,262144
1,1,54,131072
1,1,55,65536
1,1,56,32768
1,1,57,16384
1,1,58,8192
1,1,59,4096
1,1,60,2048
1,1,61,1024
1,1,62,512
1,1,63,256
1,1,64,128
1,1,65,64
1,1,66,32
1,1,67,16
1,1,68,8
1,1,69,4
1,1,70,2
1,1,71,1
1,1,72,0
1,1,73,0
1,1,74,0
1,1,75,0
1,1,76,0
1,1,77,0
1,1,78,0
1,1,79,0
1,1,80,0
1,3,0,2305843009213693952
1,3,1,5764607523034234880
1,3,2,2882303761517117440
1,3,3,1441151880758558720
1,3,4,720575940379279360
1,3,5,360287970189639680
1,3,6,180143985094819840
1,3,7,90071992547409920
1,3,8,36028797018963968
1,3,9,4503599627370496
1,3,10,11258999068426240
1,3,11,5629499534213120
1,3,12,2814749767106560
1,3,13,1407374883553280
1,3,14,703687441776640
1,3,15,351843720888320
1,3,16,175921860444160
1,3,17,70368744177664
1,3,18,8796093022208
1,3,19,21990232555520
1,3,20,10995116277760
1,3,21,5497558138880
1,3,22,2748779069440
1,3,23,1374389534720
1,3,24,687194767360
1,3,25,343597383680
1,3,26,137438953472
1,3,27,17179869184
1,3,28,42949672960
1,3,29,21474836480
1,3,30,10737418240
1,3,31,5368709120
1,3,32,2684354560
1,3,33,1342177280
1,3,34,671088640
1,3,35,268435456
1,3,36,33554432
1,3,37,83886080
1,3,38,41943040
1,3,39,20971520
1,3,40,10485760
1,3,41,5242880
1,3,42,2621440
1,3,43,1310720
1,3,44,524288
1,3,45,65536
1,3,46,163840
1,3,47,81920
1,3,48,40960
1,3,49,20480
1,3,50,10240
1,3,51,5120
1,3,52,2560
1,3,53,1024
1,3,54,128
1,3,55,320
1,3,56,160
1,3,57,80
1,3,58,40
1,3,59,20
1,3,60,10
1,3,61,5
1,3,62,2
1,3,63,0
1,3,64,0
1,3,65,0
1,3,66,0
1,3,67,0
1,3,68,0
1,3,69,0
1,3,70,0
1,3,71,0
1,3,72,0
1,3,73,0
1,3,74,0
1,3,75,0
1,3,76,0
1,3,77,0
1,3,78,0
1,3,79,0
1,3,80,0
1,4,0,3541774862152233910272
1,4,1,4132070672510939561984
1,4,2,2066035336255469780992
1,4,3,1033017668127734890496
1,4,4,516508834063867445248
1,4,5,258254417031933722624
1,4,6,129127208515966861312
1,4,7,64563604257983430656
1,4,8,27670116110564327424
1,4,9,604469827336342228434944
1,4,10,1511165344968818716311552
1,4,11,755582672484409358155776
1,4,12,377791336242204679077888
1,4,13,188895668121102339538944
1,4,14,94447834060551169769472
1,4,15,47223917030275584884736
1,4,16,23611958515137792442368
1,4,17,9444787008934818873344
1,4,18,1180605131516293414912
1,4,19,2951494814392224055296
1,4,20,1475747407196112027648
1,4,21,737873703598056013824
1,4,22,368936851799028006912
1,4,23,184468425899514003456
1,4,24,92234212949757001728
1,4,25,46117106474878500864
1,4,26,18446849626825818112
1,4,27,2305869397492760576
1,4,28,5764638309359812608
1,4,29,2882319154679906304
1,4,30,1441159577339953152
1,4,31,720579788669976576
1,4,32,360289894334988288
1,4,33,180144947167494144
1,4,34,90072473583747072
1,4,35,36029003177394176
1,4,36,4503651166978048
1,4,37,11259059197968384
1,4,38,5629529598984192
1,4,39,2814764799492096
1,4,40,1407382399746048
1,4,41,703691199873024
1,4,42,351845599936512
1,4,43,175922799968256
1,4,44,70369146830848
1,4,45,8796193685504
1,4,46,21990349996032
1,4,47,10995174998016
1,4,48,5497587499008
1,4,49,2748793749504
1,4,50,1374396874752
1,4,51,687198437376
1,4,52,343599218688
1,4,53,137439739904
1,4,54,17180065792
1,4,55,42949902336
1,4,56,21474951168
1,4,57,10737475584
1,4,58,5368737792
1,4,59,2684368896
1,4,60,1342184448
1,4,61,671092224
1,4,62,268436992
1,4,63,33554816
1,4,64,83886528
1,4,65,41943264
1,4,66,20971632
1,4,67,10485816
1,4,68,5242908
1,4,69,2621454
1,4,70,1310727
1,4,71,524291
1,4,72,65536
1,4,73,163840
1,4,74,81920
1,4,75,40960
1,4,76,20480
1,4,77,10240
1,4,78,5120
1,4,79,2560
1,4,80,1024
1,5,0,608004684669466821263360
1,5,1,1515289345190797407944704
1,5,2,757644672595398703972352
1,5,3,378822336297699351986176
1,5,4,189411168148849675993088
1,5,5,94705584074424837996544
1,5,6,47352792037212418998272
1,5,7,23676396018606209499136
1,5,8,9472403081849854754816
1,5,9,1210113328764374227091456
1,5,10,607422459309640363540480
1,5,11,303711229654820181770240
1,5,12,151855614827410090885120
1,5,13,75927807413705045442560
1,5,14,37963903706852522721280
1,5,15,18981951853426261360640
1,5,16,9490975926713130680320
1,5,17,4740867270138883211264
1,5,18,2363502595242918412288
1,5,19,1186371990839141335040
1,5,20,593185995419570667520
1,5,21,296592997709785333760
1,5,22,148296498854892666880
1,5,23,74148249427446333440
1,5,24,37074124713723166720
1,5,25,18537062356861583360
1,5,26,9259506386990006272
1,5,27,4616216006333825024
1,5,28,2317132794607697920
1,5,29,1158566397303848960
1,5,30,579283198651924480
1,5,31,289641599325962240
1,5,32,144820799662981120
1,5,33,72410399831490560
1,5,34,36205199915745280
1,5,35,18084973412089856
1,5,36,9016046887370752
1,5,37,4525649989468160
1,5,38,2262824994734080
1,5,39,1131412497367040
1,5,40,565706248683520
1,5,41,282853124341760
1,5,42,141426562170880
1,5,43,70713281085440
1,5,44,35322213695488
1,5,45,17609466576896
1,5,46,8839160135680
1,5,47,4419580067840
1,5,48,2209790033920
1,5,49,1104895016960
1,5,50,552447508480
1,5,51,276223754240
1,5,52,138111877120
1,5,53,68988698624
1,5,54,34393489408
1,5,55,17263984640
1,5,56,8631992320
1,5,57,4315996160
1,5,58,2157998080
1,5,59,1078999040
1,5,60,539499520
1,5,61,269749760
1,5,62,134743552
1,5,63,67174784
1,5,64,33718720
1,5,65,16859360
1,5,66,8429680
1,5,67,4214840
1,5,68,2107420
1,5,69,1053710
1,5,70,526855
1,5,71,263171
1,5,72,131200
1,5,73,65856
1,5,74,32928
1,5,75,16464
1,5,76,8232
1,5,77,4116
1,5,78,2058
1,5,79,1029
1,5,80,514
1,8,0,608004684669466821263360
1,8,1,1515289345190797407944704
1,8,2,757644672595398703972352
1,8,3,378822336297699351986176
1,8,4,189411168148849675993088
1,8,5,94705584074424837996544
1,8,6,47352792037212418998272
1,8,7,23676396018606209499136
1,8,8,9472403081849854754816
1,8,9,1814576238571688814444544
1,8,10,2118579733827926831923200
1,8,11,1059289866913963415961600
1,8,12,529644933456981707980800
1,8,13,264822466728490853990400
1,8,14,132411233364245426995200
1,8,15,66205616682122713497600
1,8,16,33102808341061356748800
1,8,17,14185600235878173638656
1,8,18,3544094215960329715712
1,8,19,4137851042632669593600
1,8,20,2068925521316334796800
1,8,21,1034462760658167398400
1,8,22,517231380329083699200
1,8,23,258615690164541849600
1,8,24,129307845082270924800
1,8,25,64653922541135462400
1,8,26,27706250460699557888
1,8,27,6922059015547518976
1,8,28,8081740317641932800
1,8,29,4040870158820966400
1,8,30,2020435079410483200
1,8,31,1010217539705241600
1,8,32,505108769852620800
1,8,33,252554384926310400
1,8,34,126277192463155200
1,8,35,54113770431053824
1,8,36,13519646514741248
1,8,37,15784649057894400
1,8,38,7892324528947200
1,8,39,3946162264473600
1,8,40,1973081132236800
1,8,41,986540566118400
1,8,42,493270283059200
1,8,43,246635141529600
1,8,44,105690957873152
1,8,45,26405559599104
1,8,46,30829392691200
1,8,47,15414696345600
1,8,48,7707348172800
1,8,49,3853674086400
1,8,50,1926837043200
1,8,51,963418521600
1,8,52,481709260800
1,8,53,206427652096
1,8,54,51573358592
1,8,55,60213657600
1,8,56,30106828800
1,8,57,15053414400
1,8,58,7526707200
1,8,59,3763353600
1,8,60,1881676800
1,8,61,940838400
1,8,62,403179008
1,8,63,100729216
1,8,64,117604800
1,8,65,58802400
1,8,66,29401200
1,8,67,14700600
1,8,68,7350300
1,8,69,3675150
1,8,70,1837575
1,8,71,787459
1,8,72,196736
1,8,73,229696
1,8,74,114848
1,8,75,57424
1,8,76,28712
1,8,77,14356
1,8,78,7178
1,8,79,3589
1,8,80,1538
1,9,0,608004684669466821263360
1,9,1,1515289345190797407944704
1,9,2,757644672595398703972352
1,9,3,378822336297699351986176
1,9,4,189411168148849675993088
1,9,5,94705584074424837996544
1,9,6,47352792037212418998272
1,9,7,23676396018606209499136
1,9,8,9472403081849854754816
1,9,9,1210113328764374227091456
1,9,10,607422459309640363540480
1,9,11,303711229654820181770240
1,9,12,151855614827410090885120
1,9,13,75927807413705045442560
1,9,14,37963903706852522721280
1,9,15,18981951853426261360640
1,9,16,9490975926713130680320
1,9,17,4740867270138883211264
1,9,18,2363502595242918412288
1,9,19,1186371990839141335040
1,9,20,593185995419570667520
1,9,21,296592997709785333760
1,9,22,148296498854892666880
1,9,23,74148249427446333440
1,9,24,37074124713723166720
1,9,25,18537062356861583360
1,9,26,9259506386990006272
1,9,27,4616216006333825024
1,9,28,2317132794607697920
1,9,29,1158566397303848960
1,9,30,579283198651924480
1,9,31,289641599325962240
1,9,32,144820799662981120
1,9,33,72410399831490560
1,9,34,36205199915745280
1,9,35,18084973412089856
1,9,36,9016046887370752
1,9,37,4525649989468160
1,9,38,2262824994734080
1,9,39,1131412497367040
1,9,40,565706248683520
1,9,41,282853124341760
1,9,42,141426562170880
1,9,43,70713281085440
1,9,44,35322213695488
1,9,45,17609466576896
1,9,46,8839160135680
1,9,47,4419580067840
1,9,48,2209790033920
1,9,49,1104895016960
1,9,50,552447508480
1,9,51,276223754240
1,9,52,138111877120
1,9,53,68988698624
1,9,54,34393489408
1,9,55,17263984640
1,9,56,8631992320
1,9,57,4315996160
1,9,58,2157998080
1,9,59,1078999040
1,9,60,539499520
1,9,61,269749760
1,9,62,134743552
1,9,63,67174784
1,9,64,33718720
1,9,65,16859360
1,9,66,8429680
1,9,67,4214840
1,9,68,2107420
1,9,69,1053710
1,9,70,526855
1,9,71,263171
1,9,72,131200
1,9,73,65856
1,9,74,32928
1,9,75,16464
1,9,76,8232
1,9,77,4116
1,9,78,2058
1,9,79,1029
1,9,80,514
1,10,0,608004684669466821263360
1,10,1,1515289345190797407944704
1,10,2,757644672595398703972352
1,10,3,378822336297699351986176
1,10,4,189411168148849675993088
1,10,5,94705584074424837996544
1,10,6,47352792037212418998272
1,10,7,23676396018606209499136
1,10,8,9472403081849854754816
1,10,9,1210113328764374227091456
1,10,10,607422459309640363540480
1,10,11,303711229654820181770240
1,10,12,151855614827410090885120
1,10,13,75927807413705045442560
1,10,14,37963903706852522721280
1,10,15,18981951853426261360640
1,10,16,9490975926713130680320
1,10,17,4740867270138883211264
1,10,18,2363502595242918412288
1,10,19,1186371990839141335040
1,10,20,593185995419570667520
1,10,21,296592997709785333760
1,10,22,148296498854892666880
1,10,23,74148249427446333440
1,10,24,37074124713723166720
1,10,25,18537062356861583360
1,10,26,9259506386990006272
1,10,27,4616216006333825024
1,10,28,2317132794607697920
1,10,29,1158566397303848960
1,10,30,579283198651924480
1,10,31,289641599325962240
1,10,32,144820799662981120
1,10,33,72410399831490560
1,10,34,36205199915745280
1,10,35,18084973412089856
1,10,36,9016046887370752
1,10,37,4525649989468160
1,10,38,2262824994734080
1,10,39,1131412497367040
1,10,40,565706248683520
1,10,41,282853124341760
1,10,42,141426562170880
1,10,43,70713281085440
1,10,44,35322213695488
1,10,45,17609466576896
1,10,46,8839160135680
1,10,47,4419580067840
1,10,48,2209790033920
1,10,49,1104895016960
1,10,50,552447508480
1,10,51,276223754240
1,10,52,138111877120
1,10,53,68988698624
1,10,54,34393489408
1,10,55,17263984640
1,10,56,8631992320
1,10,57,4315996160
1,10,58,2157998080
1,10,59,1078999040
1,10,60,539499520
1,10,61,269749760
1,10,62,134743552
1,10,63,67174784
1,10,64,33718720
1,10,65,16859360
1,10,66,8429680
1,10,67,4214840
1,10,68,2107420
1,10,69,1053710
1,10,70,526855
1,10,71,263171
1,10,72,131200
1,10,73,65856
1,10,74,32928
1,10,75,16464
1,10,76,8232
1,10,77,4116
1,10,78,2058
1,10,79,1029
1,10,80,514
1,11,0,608004684669466821263360
1,11,1,1515289345190797407944704
1,11,2,757644672595398703972352
1,11,3,378822336297699351986176
1,11,4,189411168148849675993088
1,11,5,94705584074424837996544
1,11,6,47352792037212418998272
1,11,7,23676396018606209499136
1,11,8,9472403081849854754816
1,11,9,1210113328764374227091456
1,11,10,607422459309640363540480
1,11,11,303711229654820181770240
1,11,12,151855614827410090885120
1,11,13,75927807413705045442560
1,11,14,37963903706852522721280
1,11,15,18981951853426261360640
1,11,16,9490975926713130680320
1,11,17,4740867270138883211264
1,11,18,2363502595242918412288
1,11,19,1186371990839141335040
1,11,20,593185995419570667520
1,11,21,296592997709785333760
1,11,22,148296498854892666880
1,11,23,74148249427446333440
1,11,24,37074124713723166720
1,11,25,18537062356861583360
1,11,26,9259506386990006272
1,11,27,4616216006333825024
1,11,28,2317132794607697920
1,11,29,1158566397303848960
1,11,30,579283198651924480
1,11,31,289641599325962240
1,11,32,144820799662981120
1,11,33,72410399831490560
1,11,34,36205199915745280
1,11,35,18084973412089856
1,11,36,9016046887370752
1,11,37,4525649989468160
1,11,38,2262824994734080
1,11,39,1131412497367040
1,11,40,565706248683520
1,11,41,282853124341760
1,11,42,141426562170880
1,11,43,70713281085440
1,11,44,35322213695488
1,11,45,17609466576896
1,11,46,8839160135680
1,11,47,4419580067840
1,11,48,2209790033920
1,11,49,1104895016960
1,11,50,552447508480
1,11,51,276223754240
1,11,52,138111877120
1,11,53,68988698624
1,11,54,34393489408
1,11,55,17263984640
1,11,56,8631992320
1,11,57,4315996160
1,11,58,2157998080
1,11,59,1078999040
1,11,60,539499520
1,11,61,269749760
1,11,62,134743552
1,11,63,67174784
1,11,64,33718720
1,11,65,16859360
1,11,66,8429680
1,11,67,4214840
1,11,68,2107420
1,11,69,1053710
1,11,70,526855
1,11,71,263171
1,11,72,131200
1,11,73,65856
1,11,74,32928
1,11,75,16464
1,11,76,8232
1,11,77,4116
1,11,78,2058
1,11,79,1029
1,11,80,514
1,12,0,608004684669466821263360
1,12,1,1515289345190797407944704
1,12,2,757644672595398703972352
1,12,3,378822336297699351986176
1,12,4,189411168148849675993088
1,12,5,94705584074424837996544
1,12,6,47352792037212418998272
1,12,7,23676396018606209499136
1,12,8,9472403081849854754816
1,12,9,1210113328764374227091456
1,12,10,607422459309640363540480
1,12,11,303711229654820181770240
1,12,12,151855614827410090885120
1,12,13,75927807413705045442560
1,12,14,37963903706852522721280
1,12,15,18981951853426261360640
1,12,16,9490975926713130680320
1,12,17,4740867270138883211264
1,12,18,2363502595242918412288
1,12,19,1186371990839141335040
1,12,20,593185995419570667520
1,12,21,296592997709785333760
1,12,22,148296498854892666880
1,12,23,74148249427446333440
1,12,24,37074124713723166720
1,12,25,18537062356861583360
1,12,26,9259506386990006272
1,12,27,4616216006333825024
1,12,28,2317132794607697920
1,12,29,1158566397303848960
1,12,30,579283198651924480
1,12,31,289641599325962240
1,12,32,144820799662981120
1,12,33,72410399831490560
1,12,34,36205199915745280
1,12,35,18084973412089856
1,12,36,9016046887370752
1,12,37,4525649989468160
1,12,38,2262824994734080
1,12,39,1131412497367040
1,12,40,565706248683520
1,12,41,282853124341760
1,12,42,141426562170880
1,12,43,70713281085440
1,12,44,35322213695488
1,12,45,17609466576896
1,12,46,8839160135680
1,12,47,4419580067840
1,12,48,2209790033920
1,12,49,1104895016960
1,12,50,552447508480
1,12,51,276223754240
1,12,52,138111877120
1,12,53,68988698624
1,12,54,34393489408
1,12,55,17263984640
1,12,56,8631992320
1,12,57,4315996160
1,12,58,2157998080
1,12,59,1078999040
1,12,60,539499520
1,12,61,269749760
1,12,62,134743552
1,12,63,67174784
1,12,64,33718720
1,12,65,16859360
1,12,66,8429680
1,12,67,4214840
1,12,68,2107420
1,12,69,1053710
1,12,70,526855
1,12,71,263171
1,12,72,131200
1,12,73,65856
1,12,74,32928
1,12,75,16464
1,12,76,8232
1,12,77,4116
1,12,78,2058
1,12,79,1029
1,12,80,514
