1,1,1,15326083095395382794
1,1,2,10796216920361231016
1,1,3,10140610697459446399
1,1,4,16919236797504604226
1,1,5,5272799208960207736
1,1,6,13967878855444077888
1,1,7,13903847645476174465
1,1,8,7017987158241964732
1,1,9,10474460497360048351
1,1,10,1399264737199011230
1,1,11,995204053540447006
1,1,12,9791486626571177538
1,1,13,14373098505587224506
1,1,14,17229455951376419137
1,1,15,2396346607982954160
1,1,16,10492944459780109401
1,1,17,8658728983219000078
1,1,18,219554440621438051
1,1,19,6218815181136940951
1,1,20,2991735439098915774
1,1,21,14651963641468118678
1,1,22,5740904173463435848
1,1,23,9749715492755466736
1,1,24,3055679836444599521
1,1,25,11104606781552339252
1,1,26,4850963947938423649
1,1,27,12065629680198465916
1,1,28,12713763464558043208
1,1,29,13800960928344600228
1,1,30,8311025582170325613
1,1,31,1546231510864932275
1,1,32,4223879537813379484
1,1,33,16848100563557725058
1,1,34,2810878285747130284
1,1,35,15233634382488319399
1,1,36,9930665080254198632
1,1,37,18375442159614878768
1,1,38,1442083973936008388
1,1,39,8165972772169640480
1,1,40,1967396414449293184
1,1,41,17743887669363763080
1,1,42,85486376371946746
1,1,43,14294575025634463274
1,1,44,15076583396735568307
1,1,45,16024588942107279533
1,1,46,1557566515537166444
1,1,47,7374688146326987272
1,1,48,4793762880732857780
1,1,49,14758658425428481879
1,1,50,7958180433948844465
1,1,51,16798483132432779044
1,1,52,3354485508116577118
1,1,53,4866304904348119643
1,1,54,2684720406528345819
1,1,55,2510021776475893088
1,1,56,16035610916525098760
1,1,57,10693662202509673101
1,1,58,10143130470055047502
1,1,59,2673944069002447600
1,1,60,15735646678795933460
1,1,61,11474891807671482416
1,1,62,6473928841773828572
1,1,63,9467782971107053070
1,1,64,7412050013261435460
1,1,65,1401338086955027092
1,1,66,4425671917019353236
1,1,67,2274832813847066884
1,1,68,3392499943774661634
1,1,69,4426342811450096885
1,1,70,7697218797564998880
1,1,71,915962471591573851
1,1,72,16652173066469936625
1,1,73,17428247585315230625
1,1,74,9054844328747397315
1,1,75,9025118204233990844
1,1,76,6229823476518225172
1,1,77,16603063001838640681
1,1,78,6811400884116015604
1,1,79,2051328745510403276
1,1,80,14393110104781810663
1,1,81,7189412660383209441
1,2,1,4458417276962677916
1,2,2,7450863912361176476
1,2,3,1779272043929406626
1,2,4,2434477591072368156
1,2,5,17377766029672262465
1,2,6,17637569124092046139
1,2,7,10610725718862840351
1,2,8,1102737957538513635
1,2,9,4330924914900574068
1,2,10,6514625885362677799
1,2,11,15148356298691580010
1,2,12,284143334256860198
1,2,13,793649006026627834
1,2,14,3117315789789830733
1,2,15,11974067088019926545
1,2,16,13497895636975853362
1,2,17,11948803988315089697
1,2,18,8318074249099437939
1,2,19,10090533002224182665
1,2,20,5466154108046906979
1,2,21,13737157594162231638
1,2,22,3485604747192760612
1,2,23,12668770729756493280
1,2,24,3385183290380905661
1,2,25,6797341022244030395
1,2,26,11540625424762944973
1,2,27,14392655846672057679
1,2,28,1496506254122653639
1,2,29,17144145155534622088
1,2,30,14309373250956272941
1,2,31,8979720594762942836
1,2,32,8040171779413904624
1,2,33,8241705484474348119
1,2,34,5651150353147228697
1,2,35,9380329084346846710
1,2,36,9422072255795728210
1,2,37,15082569129437257250
1,2,38,14662051636949040478
1,2,39,11885571706178688611
1,2,40,6984110491733882736
1,2,41,14971017077038177872
1,2,42,9828897266422563109
1,2,43,6469773086353250451
1,2,44,17321521531485265424
1,2,45,16158292877501968745
1,2,46,10148593266362960047
1,2,47,11482638607288219885
1,2,48,10829063369445929953
1,2,49,3832168925610015742
1,2,50,5557014071317443017
1,2,51,8687002368584345589
1,2,52,4251756172036174608
1,2,53,15574748151608821201
1,2,54,3592767048674182493
1,2,55,4167521353376210747
1,2,56,3149007663825684624
1,2,57,4199664985908318731
1,2,58,8037222163311723478
1,2,59,5738824310756124287
1,2,60,17033347988078019462
1,2,61,7935925579366299097
1,2,62,3409259357477147380
1,2,63,16692107635558057346
1,2,64,18073167609373233295
1,2,65,8095722066905342270
1,2,66,2049787816662205948
1,2,67,4760453464235859101
1,2,68,7539550428522646582
1,2,69,10973895632260307796
1,2,70,4836952998834081573
1,2,71,11120492118926167512
1,2,72,13119615460534710189
1,2,73,4090505149515724196
1,2,74,2165973419180478318
1,2,75,5472703866034270461
1,2,76,5880421704522633620
1,2,77,7824495591268496059
1,2,78,9368331804965744544
1,2,79,1577487899486079633
1,2,80,4841942716344144151
1,2,81,14776111699787217196
1,3,1,539019036740247617
1,3,2,17134334659035912292
1,3,3,13472226614482435950
1,3,4,9013244749106503646
1,3,5,10671903703429593787
1,3,6,4377109344265228494
1,3,7,8464266912148868969
1,3,8,17765847826951969909
1,3,9,10086785181584147565
1,3,10,9613259363390956959
1,3,11,4272162365707740014
1,3,12,9018571539641887278
1,3,13,11511876723386816904
1,3,14,12527839538318321895
1,3,15,7295967974738860710
1,3,16,6778009914784452709
1,3,17,18225051089398210296
1,3,18,696159153882383399
1,3,19,16328467706385763344
1,3,20,16847168385830616503
1,3,21,14687000125578242992
1,3,22,1820920129384385698
1,3,23,4830670794347154921
1,3,24,6186241886056512234
1,3,25,12538767567176462627
1,3,26,2518960711713697166
1,3,27,13304299179088240655
1,3,28,1969408782735860913
1,3,29,12059694595767318625
1,3,30,9115900139707678262
1,3,31,14370967780602002664
1,3,32,13190106099883464485
1,3,33,16670701937993142582
1,3,34,16434619383880884673
1,3,35,6164220242648105959
1,3,36,12889585541527437820
1,3,37,3648947304276969104
1,3,38,563380963800373267
1,3,39,13725747416824991929
1,3,40,9223785909584030296
1,3,41,8853000881043012703
1,3,42,16689179582568643643
1,3,43,11250053892511828962
1,3,44,11393933778821278218
1,3,45,15853912232869298419
1,3,46,14858657280660334574
1,3,47,10638634239214980585
1,3,48,3374323980364780765
1,3,49,4425964474268112090
1,3,50,16353258753872286232
1,3,51,528944732803907763
1,3,52,9037085566958985771
1,3,53,3097709049996050795
1,3,54,18053471524483929842
1,3,55,13146892456722505011
1,3,56,9232072027074037023
1,3,57,8690046767753308510
1,3,58,1099773882569929996
1,3,59,12580161110103259771
1,3,60,782716291171393371
1,3,61,1317936110638341768
1,3,62,9622741064092220689
1,3,63,1784354081446892987
1,3,64,15092177090269033995
1,3,65,15081082009341988198
1,3,66,13326658231111042579
1,3,67,2764529561460969219
1,3,68,12167569358412218651
1,3,69,9566388139386293759
1,3,70,17948212686104320193
1,3,71,11971779920803627684
1,3,72,14763493342323210550
1,3,73,8371090170306024913
1,3,74,7976215471899523936
1,3,75,15224352430067281742
1,3,76,1539746273432534259
1,3,77,2456571506656134064
1,3,78,3198455306514491463
1,3,79,7211529639171269684
1,3,80,15336249340518191711
1,3,81,14819457401519905154
1,4,1,1115496406322576861
1,4,2,7365005821172540756
1,4,3,9719143538824843582
1,4,4,7688593058560344202
1,4,5,12116926311361553006
1,4,6,11584063820759865392
1,4,7,5386155521216286786
1,4,8,7962558717637734324
1,4,9,285686994513496970
1,4,10,18152771701205335535
1,4,11,3083712972247263665
1,4,12,1959345751631295833
1,4,13,6869747139354873304
1,4,14,3654639395874750845
1,4,15,9033142623317410809
1,4,16,6262548162620425495
1,4,17,17554483549657623487
1,4,18,16977129553740225187
1,4,19,971719028887446290
1,4,20,13611079535896083675
1,4,21,4964377097587717395
1,4,22,7799940321703362778
1,4,23,10106434263423300731
1,4,24,17390427894665691475
1,4,25,7706018509462459081
1,4,26,18134117250610486668
1,4,27,5560862320319284514
1,4,28,12932989368861382956
1,4,29,12291782240624434163
1,4,30,9945127904577004325
1,4,31,12877773813485856166
1,4,32,12295269897725500014
1,4,33,3285963828928157833
1,4,34,2361448769171014076
1,4,35,18429780265751099449
1,4,36,3156626426854283980
1,4,37,601379074786645364
1,4,38,10352309035896538300
1,4,39,16267565753589770080
1,4,40,12344105663689975102
1,4,41,3512873724957023689
1,4,42,6805309149897929682
1,4,43,8498893395112922150
1,4,44,18108024014079549168
1,4,45,2885162175363996128
1,4,46,15781610219294492656
1,4,47,11893806449938278234
1,4,48,6940997206431525270
1,4,49,3521920567358928506
1,4,50,7899873362293664584
1,4,51,8891737605447131477
1,4,52,2224891563145194363
1,4,53,10874493698513148220
1,4,54,4172426241806036450
1,4,55,7094970627981412014
1,4,56,10754200574515812593
1,4,57,4645003010267412210
1,4,58,5357684643661099508
1,4,59,11383317633278895442
1,4,60,4893568956886482288
1,4,61,15207057971268258575
1,4,62,18126940202827083815
1,4,63,13470712508253525453
1,4,64,6343411172282833006
1,4,65,10774177417283519818
1,4,66,1987987410552862541
1,4,67,16718434514293774965
1,4,68,16226747179994353616
1,4,69,15085019794680120197
1,4,70,4809582673850926837
1,4,71,10963937579375147737
1,4,72,415284068847593924
1,4,73,7844649845512763464
1,4,74,5768645318390544484
1,4,75,2978867745258053803
1,4,76,3297654077572988203
1,4,77,7800864129787158564
1,4,78,1738224442561375524
1,4,79,11040812814125596899
1,4,80,8687019169844955324
1,4,81,12837998824923248939
1,5,1,12910652089855272906
1,5,2,11778813405293713622
1,5,3,619881362109192115
1,5,4,1269248573377193128
1,5,5,5895574563483856878
1,5,6,9792717504233149258
1,5,7,12072392451799115849
1,5,8,7519247058899547611
1,5,9,15125983691218997194
1,5,10,13251383678826577048
1,5,11,17868426337888513312
1,5,12,9801380608392616148
1,5,13,5997879217131807807
1,5,14,1948514862827556080
1,5,15,11270198015600558978
1,5,16,14366365620805359929
1,5,17,7811327642085998760
1,5,18,1675393934175561339
1,5,19,4915531457150265754
1,5,20,2834466078735484722
1,5,21,5183632971681603916
1,5,22,8118137951348488578
1,5,23,9724067290285897607
1,5,24,8437990267359675692
1,5,25,16147755841407243642
1,5,26,9556374599374422089
1,5,27,17406764982281677957
1,5,28,11763656580101780743
1,5,29,17666334951338111043
1,5,30,4440261110786910578
1,5,31,12472255068760384810
1,5,32,5332300167073851593
1,5,33,12392673302502331918
1,5,34,12823078855243282441
1,5,35,1254245112763623990
1,5,36,4700048785511429073
1,5,37,4132809027272060210
1,5,38,12319339384586862131
1,5,39,15576285998597020715
1,5,40,6354209978586892822
1,5,41,14398046351804760670
1,5,42,12457677778111070058
1,5,43,123875739799564705
1,5,44,11108084795559498140
1,5,45,7134669130812429843
1,5,46,16897056014258146864
1,5,47,21233262920564958
1,5,48,8530681250968594281
1,5,49,7827858268143005662
1,5,50,8502406269981218496
1,5,51,14206939361849625531
1,5,52,5948554973561122137
1,5,53,14475884932164051687
1,5,54,8695004796092005435
1,5,55,659705953632097041
1,5,56,3244310399318937850
1,5,57,13314085696622955432
1,5,58,8734275009086978878
1,5,59,2817208883017020917
1,5,60,6292638295932804558
1,5,61,11204353423348607515
1,5,62,3537075612637790890
1,5,63,13621570940940076983
1,5,64,4479784404507195044
1,5,65,16923492049695561365
1,5,66,4963310184268634449
1,5,67,14120982987542622533
1,5,68,3480199136027580990
1,5,69,5303405248618204086
1,5,70,1680746820714779923
1,5,71,10629186970783624053
1,5,72,12605826749665216159
1,5,73,10082863248321994818
1,5,74,7853310896731838805
1,5,75,11887871022958935734
1,5,76,11946436561286780080
1,5,77,12525648300589812247
1,5,78,11728194695184876150
1,5,79,17435384979053166002
1,5,80,3854169096924896318
1,5,81,13083937963846928471
1,6,1,4357685004026203623
1,6,2,2202472020278489715
1,6,3,11202780395186705720
1,6,4,8303574768482942799
1,6,5,8461991783444888065
1,6,6,12210725396992000738
1,6,7,14209259733982928712
1,6,8,6460382089158646272
1,6,9,12211921685157871929
1,6,10,7676770949835079502
1,6,11,15530851640761222256
1,6,12,15364603459961303130
1,6,13,4730501406766851606
1,6,14,11316353169684844416
1,6,15,10740601317541306696
1,6,16,9974880199711483516
1,6,17,16047579473308594548
1,6,18,4884310937379098914
1,6,19,5867431036172645563
1,6,20,2199120029088776224
1,6,21,17336793743601591701
1,6,22,11908330146983516963
1,6,23,8844535411642614265
1,6,24,11793316356006354707
1,6,25,10048238642667240894
1,6,26,11940789217274725133
1,6,27,10032924600016522851
1,6,28,13300962539107040571
1,6,29,9638337156204357463
1,6,30,18330614806431481898
1,6,31,4033871873685216540
1,6,32,1951633658400603366
1,6,33,2023561057349820658
1,6,34,1173053787278591138
1,6,35,7463183658167841912
1,6,36,8271020288966602315
1,6,37,6748117423308737490
1,6,38,14084174757886012483
1,6,39,11582643874404883224
1,6,40,14240524637894025990
1,6,41,17208111058249537616
1,6,42,17943901562064113572
1,6,43,3542297726917264733
1,6,44,2561776764523527012
1,6,45,12843846818942815739
1,6,46,1730673959024313162
1,6,47,9692000562958071073
1,6,48,9783124176888255078
1,6,49,15885225668464502703
1,6,50,8943965249429827219
1,6,51,7257988735287227581
1,6,52,12385718455353204098
1,6,53,13673795614143007818
1,6,54,9593274813664371333
1,6,55,6414166676255116047
1,6,56,2766960995792534253
1,6,57,10811490335459516408
1,6,58,4835727506835640513
1,6,59,820033262244148292
1,6,60,13926060719651740907
1,6,61,4478599396343102580
1,6,62,8160882229650985720
1,6,63,12687598266762851440
1,6,64,6626590860296327874
1,6,65,13583076918816467943
1,6,66,7281067762183101865
1,6,67,12606797541251433474
1,6,68,12987382829207958987
1,6,69,8159094786039106309
1,6,70,361143511152116515
1,6,71,6103250623168611679
1,6,72,7827128693347486796
1,6,73,4985609316548214271
1,6,74,3635001032477181399
1,6,75,15158080333023718093
1,6,76,7930650118938032813
1,6,77,16376483643334672473
1,6,78,7216052562998222057
1,6,79,14187656293035669467
1,6,80,7319511470477855960
1,6,81,14914452730579221663
1,7,1,13928713908959134788
1,7,2,6961719051014401880
1,7,3,3984845665266627881
1,7,4,14580439609302686416
1,7,5,17511566292327383522
1,7,6,6042515749878723234
1,7,7,12382641990095561984
1,7,8,8091571604990962565
1,7,9,15375372223548384750
1,7,10,14182857587394549171
1,7,11,3085283309804170142
1,7,12,15900733362810572600
1,7,13,18259918246806033347
1,7,14,9489437790013092536
1,7,15,16312105619927463601
1,7,16,10847166204216840729
1,7,17,2854676979836763176
1,7,18,3686818300737567318
1,7,19,7506991653718021371
1,7,20,13811182733403375070
1,7,21,15229333361719014778
1,7,22,14572245855777677474
1,7,23,5875735298675451091
1,7,24,9851744228272586830
1,7,25,1659297151241734159
1,7,26,2060607365340619680
1,7,27,2514153773212310670
1,7,28,12518925411662843945
1,7,29,9134403749799023209
1,7,30,3499539347084114907
1,7,31,9131245749324794858
1,7,32,2722891103330479743
1,7,33,1014094074521803800
1,7,34,15692878982698070589
1,7,35,10340498129402102885
1,7,36,17148256897662777569
1,7,37,12851241472659621061
1,7,38,10750595827780883119
1,7,39,15041423711168915455
1,7,40,16214944531819989879
1,7,41,18242199491649346656
1,7,42,9636120050020870
1,7,43,15964524171204440157
1,7,44,11299856846568475277
1,7,45,18261358061459395156
1,7,46,9733979305519225726
1,7,47,8845645139166177799
1,7,48,14782254066470665204
1,7,49,4202960391356763434
1,7,50,9188218030589096973
1,7,51,16617795362133841039
1,7,52,10600628424455001663
1,7,53,15590785662000577475
1,7,54,13625508425416208136
1,7,55,10809552926923136256
1,7,56,4551448593134454888
1,7,57,12293209410381678023
1,7,58,1539986085774119485
1,7,59,11546920014454101306
1,7,60,12192275043150133301
1,7,61,13461545730569348791
1,7,62,16431476412322295094
1,7,63,18120296175680809881
1,7,64,14186082651173426172
1,7,65,10725794587712168581
1,7,66,17124353467938660028
1,7,67,10700778509338536539
1,7,68,313279911328282926
1,7,69,2229465648909980736
1,7,70,15914203884148110992
1,7,71,8933693837592261691
1,7,72,15584836502552123922
1,7,73,3862842027555384503
1,7,74,10187977041294335336
1,7,75,11619297504799615273
1,7,76,590130149089506818
1,7,77,11339461116681643773
1,7,78,6685311575144018545
1,7,79,913714912618076019
1,7,80,9030972227909391922
1,7,81,3551189882054384975
1,8,1,2270494315753511310
1,8,2,3790698345740727823
1,8,3,2702723024536014837
1,8,4,3487766012849045673
1,8,5,786798038313851765
1,8,6,11717333510819955735
1,8,7,5199525732508339943
1,8,8,9935355059510642447
1,8,9,12823494703654187435
1,8,10,9207065387513576166
1,8,11,9883784978853530685
1,8,12,8212179865947405601
1,8,13,2286146970913258211
1,8,14,9045495390067414527
1,8,15,15735038613922358859
1,8,16,16121115197498243949
1,8,17,4986050478378724140
1,8,18,3845433341147377175
1,8,19,10422033531626872018
1,8,20,11811668405097293815
1,8,21,7692826422206051587
1,8,22,3799577584957054135
1,8,23,17486279687859515635
1,8,24,1513946482383552148
1,8,25,1949994764172596931
1,8,26,2620196255487122118
1,8,27,3070653226553622712
1,8,28,11454665200066042787
1,8,29,10583077233731846556
1,8,30,960667610599053826
1,8,31,17177633619817991578
1,8,32,13441435514167137929
1,8,33,13610776136098211036
1,8,34,1169606658102963819
1,8,35,15872326818560561295
1,8,36,17236732154830531162
1,8,37,18158943739387585709
1,8,38,15844624481434766675
1,8,39,14491005620226287515
1,8,40,9470141825520325336
1,8,41,3276187046367894703
1,8,42,7352678443828612211
1,8,43,2470595533253566975
1,8,44,569811601984495424
1,8,45,17324106692996554265
1,8,46,5558115861008568655
1,8,47,5451636910377602711
1,8,48,6141590436191080174
1,8,49,8615887227741000852
1,8,50,11957150084367077205
1,8,51,465377784904672490
1,8,52,15535969850270098772
1,8,53,10312330359039212967
1,8,54,15755363169161729829
1,8,55,6417238468413447401
1,8,56,8227739503126925431
1,8,57,1000541890507753404
1,8,58,3267057367790836222
1,8,59,12226650678372475550
1,8,60,6102717863053483827
1,8,61,16574143963611719132
1,8,62,2179578737244419730
1,8,63,18233092539257903640
1,8,64,9960911622704251432
1,8,65,13040324693766585775
1,8,66,18437366104550590994
1,8,67,5309883195208995529
1,8,68,7646591137813208461
1,8,69,8574783407018242541
1,8,70,14092520708925915766
1,8,71,15093200619961461393
1,8,72,1848761175361486982
1,8,73,3285677765020636295
1,8,74,6634093205073566444
1,8,75,1046016949108085289
1,8,76,9627091495425297654
1,8,77,6195320051928623169
1,8,78,3240521660734120316
1,8,79,3854385740524066487
1,8,80,16697136099318949700
1,8,81,12458768260958270773
1,9,1,8641712980111516917
1,9,2,16825874403162355504
1,9,3,1918674884207690201
1,9,4,13752897672231927625
1,9,5,13581737332614917731
1,9,6,10364513846122489628
1,9,7,3397781408256637212
1,9,8,11016604942222899485
1,9,9,5532860860308839616
1,9,10,2474131442823885333
1,9,11,3921806092389609644
1,9,12,16508760123020416434
1,9,13,1318071802643431916
1,9,14,4473087582746608070
1,9,15,991593485157800364
1,9,16,8148333682086362689
1,9,17,245031762537649935
1,9,18,16550259172231086524
1,9,19,3627703344296943497
1,9,20,1722381986871209428
1,9,21,5669918457501778635
1,9,22,8412778997392912919
1,9,23,1875469328979776458
1,9,24,18361699463735310704
1,9,25,6126031518907289484
1,9,26,5485080627767641038
1,9,27,1144532298054957297
1,9,28,5501630202941640501
1,9,29,855029936525502237
1,9,30,9323503559845331082
1,9,31,14045828513937453580
1,9,32,11641186722538028943
1,9,33,1658208374441006814
1,9,34,1491648394141065743
1,9,35,14337557189799140519
1,9,36,16696788862907644333
1,9,37,9846354589151137379
1,9,38,2013539811533211743
1,9,39,15233484587777994732
1,9,40,6236802127379577353
1,9,41,5422845697868918910
1,9,42,13767052757056649279
1,9,43,190676904605619078
1,9,44,893695643050954651
1,9,45,12320877824814218081
1,9,46,11132019407048655639
1,9,47,9704877554749325946
1,9,48,13460763459039499644
1,9,49,13046524006672057473
1,9,50,14413862513702933728
1,9,51,5312237624622866490
1,9,52,12774960284875247092
1,9,53,10268746037782421877
1,9,54,7314517544420988161
1,9,55,1136147236663755767
1,9,56,14391698346457099778
1,9,57,6227323235845158254
1,9,58,11213146920998517694
1,9,59,13673723803847221809
1,9,60,1933463122110454130
1,9,61,2359124186370584830
1,9,62,10137225725825241658
1,9,63,8950902673606985369
1,9,64,16426377007251073767
1,9,65,14738215861679510404
1,9,66,13546201940323125245
1,9,67,946906170373819780
1,9,68,1344496529052404798
1,9,69,1633043423907716061
1,9,70,14726974080034174667
1,9,71,17395429731319100651
1,9,72,12612326142483110784
1,9,73,2436500502342577574
1,9,74,13331914532251852307
1,9,75,2035662415439234935
1,9,76,2167360561963863490
1,9,77,11819159496034102863
1,9,78,6065551658819591571
1,9,79,12060703158070829650
1,9,80,13819036323819378105
1,9,81,10757877818701218124
1,10,1,13651186922088145466
1,10,2,4331791903088487562
1,10,3,13557573671941556846
1,10,4,17904382479114419991
1,10,5,15992041256513684999
1,10,6,1590746290355286053
1,10,7,6759562583343026413
1,10,8,6810515840238014275
1,10,9,12636545014194279908
1,10,10,11030076339932618292
1,10,11,14561194698756269949
1,10,12,6781999244707483951
1,10,13,3800543185900279789
1,10,14,1598715629710652281
1,10,15,14239667427316671877
1,10,16,3794025176908047598
1,10,17,7162347494280848223
1,10,18,10178517276452529340
1,10,19,4223442008632735857
1,10,20,11841714386529233540
1,10,21,8937085356072263263
1,10,22,2801055536132961273
1,10,23,14424098990159698559
1,10,24,1855859156805360369
1,10,25,5424566493386411951
1,10,26,4378759360855453722
1,10,27,9792864656536054894
1,10,28,1687853689136708915
1,10,29,7476749814632085899
1,10,30,1934071976138349091
1,10,31,2071273594932592211
1,10,32,14470140589758603007
1,10,33,5378522981207646134
1,10,34,11133226890764083215
1,10,35,17790458142542595229
1,10,36,7977940043176631441
1,10,37,12815916003396062931
1,10,38,13984463351689413203
1,10,39,7980842323377805688
1,10,40,12091804499738553047
1,10,41,2024623357762805416
1,10,42,17224828980458174732
1,10,43,3458041479814400028
1,10,44,4910132914889877745
1,10,45,14717370566347693907
1,10,46,8994701934579981546
1,10,47,14184776300488123739
1,10,48,7305035101583589585
1,10,49,5034831985316545232
1,10,50,686857745518983980
1,10,51,12420098897912218210
1,10,52,7924065659042252561
1,10,53,8333117996451176511
1,10,54,11249879077603586400
1,10,55,1095797428277165581
1,10,56,5825692750077622514
1,10,57,14254207344431671412
1,10,58,12846921146407844053
1,10,59,2311970675964809581
1,10,60,2400870388857350386
1,10,61,1703600002360708888
1,10,62,144259026681649253
1,10,63,7804990510930148884
1,10,64,12093190680964375062
1,10,65,13335566723768680847
1,10,66,9799081945024727010
1,10,67,2007336637936081033
1,10,68,11654032663825848357
1,10,69,2333510679653078343
1,10,70,2477458706962062508
1,10,71,1818740009787597558
1,10,72,2619940227908599002
1,10,73,3103688649724576633
1,10,74,3620153658643070668
1,10,75,5856468189529251085
1,10,76,5837084792666387342
1,10,77,4013334681477877135
1,10,78,4630904709467945829
1,10,79,16471511057707117196
1,10,80,12972178790893368246
1,10,81,10251555626773789153
1,11,1,3402200614240211584
1,11,2,3911278647257558549
1,11,3,1426796737919056508
1,11,4,16856642250299733553
1,11,5,13036594643335130588
1,11,6,10289390267643538769
1,11,7,5781744244627272703
1,11,8,3065914638192719692
1,11,9,11483047522736766340
1,11,10,18224179162797608508
1,11,11,3143915815485796851
1,11,12,4755427652443293690
1,11,13,7319655506997797478
1,11,14,1364962574810191819
1,11,15,12619345000004876002
1,11,16,7422754572449783575
1,11,17,18130109419810306566
1,11,18,7418984948143181225
1,11,19,11449376588716734183
1,11,20,2847620322473006508
1,11,21,7034577378736767172
1,11,22,2972397081176625883
1,11,23,13984706007779000227
1,11,24,16069163976461106404
1,11,25,6470688767985033929
1,11,26,12645901768274518240
1,11,27,5426084584453400104
1,11,28,9788383022992237514
1,11,29,15355501155407486036
1,11,30,11021748717365501280
1,11,31,6185402300913922555
1,11,32,5519727354716511636
1,11,33,8348858728960839935
1,11,34,7796436185706335598
1,11,35,6633565649840995944
1,11,36,10299171354222990354
1,11,37,13697544240192796407
1,11,38,7827595195239765082
1,11,39,7920216297592571242
1,11,40,2303495783664006586
1,11,41,450728029065655980
1,11,42,5352973188691392502
1,11,43,5857220900258008392
1,11,44,12058454641266178473
1,11,45,17652352057576935230
1,11,46,17261187847503720527
1,11,47,8446512089430019250
1,11,48,4436043524371019616
1,11,49,14091429813609386996
1,11,50,14007117886167639442
1,11,51,13662545318811418375
1,11,52,13718628460620291040
1,11,53,1953886767409295587
1,11,54,12572570777342248541
1,11,55,8545649340250603788
1,11,56,3913720303626237533
1,11,57,1817350038197574754
1,11,58,15192267556447144203
1,11,59,3228359830704813874
1,11,60,3017332201790830780
1,11,61,12285295823500181444
1,11,62,16498571827246427514
1,11,63,9528817110529794136
1,11,64,12962569714775132753
1,11,65,2833242420500247731
1,11,66,17588178464830738206
1,11,67,9977550210053671283
1,11,68,12538877325797709008
1,11,69,674468612665695416
1,11,70,14927176388243172662
1,11,71,13809580816551105865
1,11,72,2217059169654285780
1,11,73,9685373874000129750
1,11,74,6010569542723248326
1,11,75,10080213048672967107
1,11,76,7358051167331086133
1,11,77,7657121443642062097
1,11,78,3334023199709115184
1,11,79,4711053913935274890
1,11,80,378818310309969483
1,11,81,17038807718251073638
1,12,1,12058634472833393488
1,12,2,17203683788707125843
1,12,3,3016270854998305783
1,12,4,16991245326942751654
1,12,5,14658850645055280017
1,12,6,10651042961204887301
1,12,7,8117224001286039658
1,12,8,4752134680725238737
1,12,9,13870962670033433134
1,12,10,4218207487375187552
1,12,11,1184042837791194159
1,12,12,14154731064795601613
1,12,13,12381494940300042790
1,12,14,13193342158768148610
1,12,15,11843931736621979778
1,12,16,7730076594076778734
1,12,17,7208288078080482279
1,12,18,15055127621210586826
1,12,19,5855510538769767555
1,12,20,15025606637437210364
1,12,21,14555837222347322906
1,12,22,15721493956182497366
1,12,23,9327349316753016755
1,12,24,11725883008977902234
1,12,25,17540905835708558293
1,12,26,8189693226269502943
1,12,27,1107151853306996869
1,12,28,15988713407731938771
1,12,29,11643377054280315652
1,12,30,6549952737728885976
1,12,31,18391464137725167641
1,12,32,4135234267990942876
1,12,33,12035597929329679222
1,12,34,11160107594260832555
1,12,35,7143417296327195328
1,12,36,2622890105387534292
1,12,37,463658657559793895
1,12,38,7768149894487783801
1,12,39,3396050872696032787
1,12,40,13388190675933541306
1,12,41,6831985697229802289
1,12,42,15524043460055914385
1,12,43,13544147095474892751
1,12,44,10533568166936363170
1,12,45,3262400065126276747
1,12,46,17660618133449714487
1,12,47,4894327593665990659
1,12,48,17055507203831357804
1,12,49,4127835461129620876
1,12,50,6891035992281246669
1,12,51,1614096637889568233
1,12,52,11808066101676920079
1,12,53,3331793500798323433
1,12,54,831046288634743980
1,12,55,13340196069479829121
1,12,56,6409093296284654712
1,12,57,12186229483097502465
1,12,58,7081125905992903175
1,12,59,11572500350221521724
1,12,60,399368577400552545
1,12,61,16797051610863201827
1,12,62,14767700630025421676
1,12,63,13758457686288131735
1,12,64,14999284005941380844
1,12,65,7070753584572678458
1,12,66,11386792041190302048
1,12,67,10616006324405960306
1,12,68,9777728102321685107
1,12,69,5074141316313368635
1,12,70,4586394850448997929
1,12,71,8331264734767821530
1,12,72,4200560277622579521
1,12,73,14839475595572743808
1,12,74,18190412548163951193
1,12,75,553253795986341271
1,12,76,9881260196413491498
1,12,77,1606291108191240955
1,12,78,14795975459832441752
1,12,79,18246502942105909510
1,12,80,1234940535266042466
1,12,81,17328841111727124192
1,13,1,335316275556167898
1,13,2,12614595905262368081
1,13,3,14457386200897281013
1,13,4,9853098977002023742
1,13,5,16331999084365828747
1,13,6,16583713266421144480
1,13,7,11546511193083483921
1,13,8,2543233943052415898
1,13,9,4017730378538483790
1,13,10,3359909761467895116
1,13,11,771440405390700823
1,13,12,1972725433521460097
1,13,13,11371375268560357113
1,13,14,17333686062706241087
1,13,15,6538554092347939719
1,13,16,7574769677398449313
1,13,17,18158041772159627923
1,13,18,17442857356155825245
1,13,19,12481891209831476752
1,13,20,18230958947720120103
1,13,21,14145542325809575791
1,13,22,6211005229344779779
1,13,23,12218788647084296157
1,13,24,4504054632123294782
1,13,25,5451146631286861237
1,13,26,12547076298789186569
1,13,27,9737055426780947912
1,13,28,7592560233854408452
1,13,29,11116712967038161160
1,13,30,13844651327411056080
1,13,31,10764287078069993462
1,13,32,10178775248353025593
1,13,33,10764977827846837853
1,13,34,9441411032947739955
1,13,35,1523566917997454285
1,13,36,13273726156218225652
1,13,37,18375836826496155600
1,13,38,6540003515057369505
1,13,39,17916562837301412852
1,13,40,6390851626138252023
1,13,41,16353847694371269156
1,13,42,8387639771402674477
1,13,43,7626387384236662034
1,13,44,4016447757271470284
1,13,45,2317918044460208824
1,13,46,5698468333347883225
1,13,47,13394262654468052320
1,13,48,14441440654815735168
1,13,49,12798122530760594422
1,13,50,180819669470219071
1,13,51,15554540603473851792
1,13,52,17014022385708760163
1,13,53,14221595086999762642
1,13,54,786935392459730535
1,13,55,6976302962468666016
1,13,56,12992772775372833020
1,13,57,13457140440550941155
1,13,58,4137181673126716156
1,13,59,4963183731623312886
1,13,60,12415233598449074310
1,13,61,8808176349696491979
1,13,62,11505536972216382053
1,13,63,4361639119831115570
1,13,64,3267356517016399061
1,13,65,15304219257220336471
1,13,66,14147207734910615841
1,13,67,17238081459972773828
1,13,68,1990198925042269006
1,13,69,3361504106583150788
1,13,70,1827985247057865501
1,13,71,9034547436453160120
1,13,72,3564747226469073647
1,13,73,16526282542469071041
1,13,74,1827881368920211130
1,13,75,814710949215952580
1,13,76,10280281049241261606
1,13,77,14250018750716913983
1,13,78,5754278310466164674
1,13,79,3301643987499241384
1,13,80,6252628671126866138
1,13,81,3876502717979311731
1,14,1,9410652978280985173
1,14,2,16719470779782885024
1,14,3,11601599041002486229
1,14,4,1872969627312824171
1,14,5,7209997573964242705
1,14,6,1007498855499001615
1,14,7,9247037610289981100
1,14,8,7963849980058172661
1,14,9,18401740434235165248
1,14,10,14971425078574249630
1,14,11,8958691983148031467
1,14,12,16499648810308596842
1,14,13,2537286880166874304
1,14,14,7194320894529044735
1,14,15,17106702893829793979
1,14,16,16924773877699201139
1,14,17,13163117223316142957
1,14,18,11406311373322800252
1,14,19,6332543867679172526
1,14,20,17266656648128881775
1,14,21,2301674826134615235
1,14,22,13476921250950654171
1,14,23,11925403828334601521
1,14,24,15368941465088584994
1,14,25,7347010247144808485
1,14,26,13831778479863344433
1,14,27,15407098984050569220
1,14,28,5948344393888470736
1,14,29,10187428764757071249
1,14,30,18061744522020934904
1,14,31,10132953915550964481
1,14,32,6095239844239338335
1,14,33,11427233253934996391
1,14,34,6652570524592471789
1,14,35,13955137988491949648
1,14,36,7635121280467890648
1,14,37,9082164169275252444
1,14,38,12815750673826052702
1,14,39,17943773080896115052
1,14,40,6046011951205457254
1,14,41,15454740876348431461
1,14,42,13633476214116870111
1,14,43,17601412006330578480
1,14,44,588868598446324160
1,14,45,6583070838380213142
1,14,46,12223805799031973091
1,14,47,5192787172356699666
1,14,48,4249817465333351635
1,14,49,13118006369453221051
1,14,50,11521336675412275252
1,14,51,10894806618767233977
1,14,52,12182930119543457057
1,14,53,877228993468580528
1,14,54,6433944024937364386
1,14,55,8325764211395425881
1,14,56,4443912790601055903
1,14,57,13190252433729855506
1,14,58,15793775588464299999
1,14,59,5192900480276769287
1,14,60,13485507530897776395
1,14,61,2541276793085238255
1,14,62,15434810922374735967
1,14,63,2556750426154429993
1,14,64,10850547984787425330
1,14,65,6754400778905694121
1,14,66,14882086896937288013
1,14,67,9293115173849537532
1,14,68,9031421443438348652
1,14,69,16178693207574421172
1,14,70,6514316620836518641
1,14,71,8290770367396256278
1,14,72,17773996575431166573
1,14,73,780256612637138917
1,14,74,17947913420964204178
1,14,75,3490250195820526711
1,14,76,12306197337295540122
1,14,77,10817901437560787977
1,14,78,12453625988274390088
1,14,79,6659681319723230174
1,14,80,11442117392285180185
1,14,81,14963092671953139269
1,15,1,355237770971831183
1,15,2,1547193075910791693
1,15,3,17981916951809211744
1,15,4,12015278154423280140
1,15,5,4265584799008284720
1,15,6,7443097851305979765
1,15,7,2250881230686634693
1,15,8,4951822262832882120
1,15,9,4756422392459463190
1,15,10,6118143717878857218
1,15,11,2808221959403240587
1,15,12,6419608269587208100
1,15,13,2244202456039083299
1,15,14,16309745139306964767
1,15,15,1739129299989708151
1,15,16,17156221393787554685
1,15,17,7360619168403718552
1,15,18,874402700359701014
1,15,19,6315676401718335382
1,15,20,13576179291197213024
1,15,21,14659298334086600106
1,15,22,10051739693317222415
1,15,23,12658588628408947993
1,15,24,16484613699821009431
1,15,25,1010730086310821587
1,15,26,5601563733190698478
1,15,27,852083770547559221
1,15,28,3605909823192501890
1,15,29,13284714203665166263
1,15,30,13313997882314912377
1,15,31,16192534817604148461
1,15,32,10743991838654308732
1,15,33,1303895815157836812
1,15,34,17021632936886179851
1,15,35,14764259106289850153
1,15,36,5274788512045037677
1,15,37,10028816423238431350
1,15,38,18165915313975422660
1,15,39,13201930179425847518
1,15,40,15476257517766906430
1,15,41,7992246741785636907
1,15,42,8681493700091662717
1,15,43,10343336909164214137
1,15,44,4963862769347866640
1,15,45,13816951971920887925
1,15,46,9295088830051760895
1,15,47,11931532324350898325
1,15,48,5676903890654442168
1,15,49,2559017890092634050
1,15,50,8772772220262923018
1,15,51,6686193577157741911
1,15,52,14538126698640368329
1,15,53,14393917371219242967
1,15,54,12331873672117644564
1,15,55,2462711461535069365
1,15,56,397635937231318746
1,15,57,10327238252876607284
1,15,58,5549131462545800906
1,15,59,17329050584318000523
1,15,60,18094478305356561333
1,15,61,5287212916122539654
1,15,62,14772526921173500054
1,15,63,16530336807151318320
1,15,64,11022419829647942876
1,15,65,16307230380839625363
1,15,66,17408774269107562266
1,15,67,10130178668889852951
1,15,68,13436365280821553660
1,15,69,10639312697284978546
1,15,70,476986221735074182
1,15,71,8237042703185134748
1,15,72,11922166870973315400
1,15,73,9614497520620408992
1,15,74,6867956353772182609
1,15,75,17287083309059554595
1,15,76,15302179773663816666
1,15,77,15662862412641305480
1,15,78,6872043809062119055
1,15,79,10942324029984393135
1,15,80,16095753840541701598
1,15,81,17220065220188785455
2,1,1,15851663790152721803
2,1,2,17971217049649606930
2,1,3,10530110308139680457
2,1,4,18388640690790809797
2,1,5,10211039711260972901
2,1,6,9508530157131078564
2,1,7,6100007474527096917
2,1,8,7932133143787670438
2,1,9,9072224054472222829
2,1,10,1310403013188041331
2,1,11,16375898166709959292
2,1,12,1192279278134938158
2,1,13,8046192207977086896
2,1,14,15248622949967703302
2,1,15,7277880301074331905
2,1,16,11316614134025128081
2,1,17,15101256103290198317
2,1,18,16348150907814204413
2,1,19,17175977974363394967
2,1,20,3519355575940510506
2,1,21,4770000670262263694
2,1,22,16562698538089694061
2,1,23,10945594410551385173
2,1,24,9294209108822574156
2,1,25,11304341651105422742
2,1,26,15115672436386944630
2,1,27,9811623358621334429
2,1,28,3727627612602215110
2,1,29,8372856635726118637
2,1,30,7893563276734550006
2,1,31,17820527938535879955
2,1,32,11437996926898290819
2,1,33,12827680521557606963
2,1,34,13284692343200709401
2,1,35,6399086786486101291
2,1,36,9536789929342996383
2,1,37,10269203426903477487
2,1,38,2886827250074383805
2,1,39,10368104011397578725
2,1,40,12816858408497844047
2,1,41,7866716212059097959
2,1,42,15426466359799046151
2,1,43,13491710051614730500
2,1,44,6641400527058693710
2,1,45,8378739421773838747
2,1,46,7127635590692619155
2,1,47,14306458002042975489
2,1,48,13544911211212901226
2,1,49,7937225194128243115
2,1,50,12797476159212103570
2,1,51,17436111303965106858
2,1,52,14466538019649635345
2,1,53,13015503449984665353
2,1,54,2016860722679022644
2,1,55,7192950968991818583
2,1,56,10900268304684029040
2,1,57,8474066146807131076
2,1,58,928608787291213540
2,1,59,4218541256146542334
2,1,60,15388072159538370143
2,1,61,288593687903371965
2,1,62,15932653222706750174
2,1,63,1440119782615874428
2,1,64,12341657413651289675
2,1,65,9227270322967965056
2,1,66,4021275836776109930
2,1,67,10544448984140432841
2,1,68,2253992051851068277
2,1,69,12380831688063524526
2,1,70,11060401167979501501
2,1,71,1032577868161401558
2,1,72,1039345122875235198
2,1,73,2813140275430143072
2,1,74,361944813963118610
2,1,75,8027571932512420944
2,1,76,15351776593973532466
2,1,77,11388838481433399906
2,1,78,9594694265029784025
2,1,79,15935556080364261057
2,1,80,1802208545322573397
2,1,81,16750606541358087630
2,2,1,1992556392030556775
2,2,2,9536906978430857692
2,2,3,2640762604889859587
2,2,4,10318565832380550851
2,2,5,84479140772144051
2,2,6,14142786491836199693
2,2,7,15655921982189158218
2,2,8,16912367272966932474
2,2,9,18206351217030149150
2,2,10,9318061047352059908
2,2,11,5006845174952182776
2,2,12,1858518823012811765
2,2,13,9368157412664290729
2,2,14,10802581695761981141
2,2,15,14072783020798049878
2,2,16,1530390728130241906
2,2,17,12204295655829945721
2,2,18,9536579498008201668
2,2,19,3155279089393867042
2,2,20,17313336740759192364
2,2,21,10892492099229514820
2,2,22,8128275170441774783
2,2,23,17375337465461388040
2,2,24,12099474332539789868
2,2,25,8336926831512526909
2,2,26,15489683417178985992
2,2,27,9825169464300836204
2,2,28,10217413001166841305
2,2,29,12544994801805848329
2,2,30,6773458180104212448
2,2,31,4414132587387877261
2,2,32,10679253404204382256
2,2,33,15991243572928531134
2,2,34,7503706785076577749
2,2,35,2077382653658882653
2,2,36,8187510547888607116
2,2,37,5537424838410192383
2,2,38,7404280611494145782
2,2,39,15372844445706519144
2,2,40,7445634744927785593
2,2,41,7197475549770946246
2,2,42,6649108434501837168
2,2,43,2587254702420081767
2,2,44,4798555031694609442
2,2,45,1601455954176786042
2,2,46,7920982676724459027
2,2,47,4746029626873636983
2,2,48,5488928006035215042
2,2,49,7837254293955374790
2,2,50,2198985865802817365
2,2,51,9132372781142323930
2,2,52,13030913420628881276
2,2,53,4493135642564924595
2,2,54,14481986815836027203
2,2,55,1366711373043383834
2,2,56,7265866795357377427
2,2,57,62610497673550937
2,2,58,4070770166603882265
2,2,59,23991306678712163
2,2,60,3489748895908259199
2,2,61,2628366960253118036
2,2,62,4945129289962918140
2,2,63,3226189125565784122
2,2,64,2557622087932571983
2,2,65,11047489585517530785
2,2,66,16621584500923379020
2,2,67,17328498077358209928
2,2,68,4080133165621090435
2,2,69,8903715390909574940
2,2,70,6936180802227167398
2,2,71,9662036269064475986
2,2,72,4886036862943027986
2,2,73,1260968127805587084
2,2,74,8048813998857462789
2,2,75,3207022507703399421
2,2,76,481591164210733986
2,2,77,17610705706821131902
2,2,78,7943103749391284270
2,2,79,17737624928617327068
2,2,80,14064064813157386784
2,2,81,135558924296868550
2,3,1,12544498745692601823
2,3,2,13022492970567275568
2,3,3,11900525701956023865
2,3,4,10188318398536694406
2,3,5,4023395896122235928
2,3,6,14247641840936740310
2,3,7,4206380166045742417
2,3,8,6841246491350735329
2,3,9,16434735948487728528
2,3,10,15797365583608061548
2,3,11,7423588624770821764
2,3,12,5866417293599557438
2,3,13,11227342052819533386
2,3,14,16790138402808159252
2,3,15,16769901663374362445
2,3,16,10912990633820420902
2,3,17,6134859622747087568
2,3,18,15736246473633353101
2,3,19,8160800778872875497
2,3,20,16682414074175975177
2,3,21,612052040259503040
2,3,22,9821534996088105623
2,3,23,13217043129171033494
2,3,24,3307535249736326878
2,3,25,6207936773335414804
2,3,26,3462692783139389320
2,3,27,5938508455801676948
2,3,28,7449841464156611740
2,3,29,10119262118807489721
2,3,30,899068343857468799
2,3,31,10196108243539685525
2,3,32,5069375718174118267
2,3,33,4454920846353793233
2,3,34,4485236892213278971
2,3,35,2843740036219818557
2,3,36,17642767719627243412
2,3,37,17259905873787689790
2,3,38,15102615701524079133
2,3,39,13434059905163508814
2,3,40,3243153868729792350
2,3,41,6647671197768706034
2,3,42,3482560415898511720
2,3,43,22106622308551389
2,3,44,5836909853878076793
2,3,45,12905655523812660327
2,3,46,11533922251643569081
2,3,47,10017729022837860005
2,3,48,8098806906832289274
2,3,49,5302097195771068824
2,3,50,9253977091353716997
2,3,51,14048047582903658047
2,3,52,14063946140119310282
2,3,53,10626355871686564584
2,3,54,13791945029160831181
2,3,55,11908009835939547796
2,3,56,2272998890908550421
2,3,57,9304498255866536389
2,3,58,6405840511410736497
2,3,59,1699824660895419689
2,3,60,2727341331536019705
2,3,61,3655585753999292626
2,3,62,12401196975454775120
2,3,63,7959976292170861255
2,3,64,12809491307793367906
2,3,65,4736839053312739027
2,3,66,180015264134399439
2,3,67,9818889625410609391
2,3,68,5153872080436368640
2,3,69,17454865539143528104
2,3,70,16720926849214451357
2,3,71,7243751909714990851
2,3,72,458498260109900355
2,3,73,12385822824158246093
2,3,74,15443072424667352098
2,3,75,17921005258268167377
2,3,76,1050226356351608600
2,3,77,8307008165491692577
2,3,78,10744680619642057098
2,3,79,12666232073836238236
2,3,80,13271191819989913030
2,3,81,11991135294808245684
2,4,1,13409206749928373642
2,4,2,6896272226580942736
2,4,3,10728295793262190978
2,4,4,2142008475076005374
2,4,5,1063535308263260030
2,4,6,18073478298635156441
2,4,7,5254070328982631742
2,4,8,10975338591613890587
2,4,9,17748738334872475916
2,4,10,3427004143031426454
2,4,11,3560956073061111591
2,4,12,6302221311948333488
2,4,13,17208928816900993444
2,4,14,7206544120809863715
2,4,15,5039958660011597445
2,4,16,2802928861045699959
2,4,17,7325365179066664197
2,4,18,6912409521735230602
2,4,19,2418639493707977574
2,4,20,8025084788758156604
2,4,21,1688120039601274896
2,4,22,11337866190828509785
2,4,23,202528473412100885
2,4,24,10574787659197791171
2,4,25,14567944567126603738
2,4,26,4341750556004186586
2,4,27,8264505104839001114
2,4,28,10502804641188257149
2,4,29,1132656779801921264
2,4,30,9154913976147533824
2,4,31,11848624700565595025
2,4,32,4081632325832067212
2,4,33,15440965991021491415
2,4,34,17913176332070716202
2,4,35,15612824145394922857
2,4,36,9334042492145755540
2,4,37,5144346921546714634
2,4,38,13772656815597641078
2,4,39,4370594080230229844
2,4,40,17659903323220064554
2,4,41,11441778126816946593
2,4,42,11072882172705324929
2,4,43,3183991077891784564
2,4,44,1666603119057887008
2,4,45,4708756522242586472
2,4,46,15837830940824604000
2,4,47,16806220699968729240
2,4,48,12905965046148603994
2,4,49,13377253299643848047
2,4,50,4240649734537948870
2,4,51,10626310790911562013
2,4,52,14953449193238300430
2,4,53,7449595320240180777
2,4,54,18233486207342612750
2,4,55,1660185091636275299
2,4,56,5920317135201317965
2,4,57,9433829728669805414
2,4,58,1117990092447173612
2,4,59,13386579422805112317
2,4,60,10266641523488318332
2,4,61,9764966615757362915
2,4,62,15310473597310626402
2,4,63,15841308182507754441
2,4,64,14555014568663981669
2,4,65,5862985017486759625
2,4,66,8341755219798590155
2,4,67,13876156967040449711
2,4,68,2026590822132185598
2,4,69,2024389358639213066
2,4,70,4978474963501463052
2,4,71,9677850849705343020
2,4,72,17942245514293337053
2,4,73,13104727194868073535
2,4,74,5752800624831521372
2,4,75,5376435068157228597
2,4,76,15686324095895488565
2,4,77,16816926687744057482
2,4,78,11792563581681074106
2,4,79,4710750535137119243
2,4,80,1635596073713020171
2,4,81,15463086284272766747
2,5,1,10786154722529718364
2,5,2,17489519225035777762
2,5,3,1125785051765608093
2,5,4,10784728565043198622
2,5,5,5259315828340625286
2,5,6,15268963478869988519
2,5,7,3523078106370980121
2,5,8,8163236978910478691
2,5,9,7257161329956367739
2,5,10,15247598631255327870
2,5,11,12486067863266261493
2,5,12,3829600037209568341
2,5,13,5867996515274176432
2,5,14,2468377054741646350
2,5,15,12386304084394202095
2,5,16,10532926256487983269
2,5,17,3131649633607766581
2,5,18,2723768259122108332
2,5,19,8782120712480169877
2,5,20,16751532860653371745
2,5,21,10185831380811557789
2,5,22,607633794870114425
2,5,23,993595602276155286
2,5,24,14850795372854064174
2,5,25,8326396435843065528
2,5,26,7058577031649201491
2,5,27,14566355238361980628
2,5,28,6719906642917925500
2,5,29,9820122913784253523
2,5,30,13127749209578625361
2,5,31,16075904329050055781
2,5,32,6063253061287434692
2,5,33,11992560839421659134
2,5,34,17982552860101652051
2,5,35,1401350494568507065
2,5,36,10828592303538904868
2,5,37,7634858266438818867
2,5,38,5702560517661802431
2,5,39,4866879053546571662
2,5,40,13996767208301055700
2,5,41,18358494469529357531
2,5,42,3441635648843492040
2,5,43,14409586897712148455
2,5,44,3611835327872739041
2,5,45,18305791969019392688
2,5,46,14799113875568282661
2,5,47,7825601585626397317
2,5,48,13445165203618675005
2,5,49,9193000972711085456
2,5,50,14923236375203918904
2,5,51,6576429167716561432
2,5,52,1351102970946541629
2,5,53,10901868184360953701
2,5,54,16790001948820402353
2,5,55,3574350539327060222
2,5,56,7975777945281049284
2,5,57,13819557766322084364
2,5,58,722826167250033572
2,5,59,17456614886670929982
2,5,60,14087286368165507974
2,5,61,10308419703624405921
2,5,62,3391303721553335004
2,5,63,9185534356858660552
2,5,64,9552565246628976890
2,5,65,18340546299896607885
2,5,66,15769230205537789641
2,5,67,17753219277060961447
2,5,68,12524250961595710935
2,5,69,7443286869173945928
2,5,70,17247319930293005418
2,5,71,8844928786038157771
2,5,72,4275800581330979384
2,5,73,7310264821987272964
2,5,74,13006383645425640242
2,5,75,10303595505834609358
2,5,76,13957372915397512110
2,5,77,18363384242936881972
2,5,78,17753725813664985620
2,5,79,9870245982790006633
2,5,80,17780265500988598915
2,5,81,2132920985005650082
2,6,1,949053511853586531
2,6,2,5614247147578210767
2,6,3,10702650199056625269
2,6,4,9794565344378830871
2,6,5,16624355050125242993
2,6,6,9971395347715427805
2,6,7,7968635884919954898
2,6,8,10010439057924124869
2,6,9,13141733543353442595
2,6,10,307594240869590658
2,6,11,14774382547391067945
2,6,12,2628833044502526468
2,6,13,8826296076877530803
2,6,14,4737775996307229627
2,6,15,6808539851199304366
2,6,16,12207408026442504810
2,6,17,3128730295800592753
2,6,18,5142657439911821055
2,6,19,3656546666448992824
2,6,20,3598434638356355668
2,6,21,6029127386293347189
2,6,22,16239367276385730461
2,6,23,8690295440607687531
2,6,24,7451919610262753230
2,6,25,3306237145038475620
2,6,26,17873511417044671364
2,6,27,7516231746496511376
2,6,28,15578042863089264867
2,6,29,11350744541371965480
2,6,30,6947248222350999057
2,6,31,16181147212047728482
2,6,32,14477971811204020111
2,6,33,8576892672680440408
2,6,34,15015224061140135403
2,6,35,16573369051729215137
2,6,36,7918053663793418142
2,6,37,6167289299083582349
2,6,38,11006196429134983272
2,6,39,16638793602188675832
2,6,40,12950840063049268650
2,6,41,6962817736448825323
2,6,42,13557543878047391624
2,6,43,17600089953668474594
2,6,44,10013134487723255339
2,6,45,9963194020746629091
2,6,46,5738959807940814929
2,6,47,1314045958888476177
2,6,48,3356947103602677042
2,6,49,1715342917178345438
2,6,50,8549867541260789508
2,6,51,172154412030436014
2,6,52,16879248788989850059
2,6,53,11856492249452808152
2,6,54,26176914138874783
2,6,55,560509356461420411
2,6,56,3845596789479182630
2,6,57,8392644042182218287
2,6,58,2347643915192978488
2,6,59,159521704001582143
2,6,60,13412251390687598114
2,6,61,6532295850981411799
2,6,62,14396686617827460018
2,6,63,8054893273174308555
2,6,64,8053014434066218407
2,6,65,907822943483878062
2,6,66,915546990348705698
2,6,67,1680501584430673984
2,6,68,10958049038000376364
2,6,69,4447215898613110810
2,6,70,15520520510385329536
2,6,71,15812784523682054670
2,6,72,17775507636518040713
2,6,73,9018609267085034936
2,6,74,4064004098878190097
2,6,75,4172812897738764486
2,6,76,9901987218517499578
2,6,77,14058442700193342568
2,6,78,6411482366899588311
2,6,79,8508224225724877070
2,6,80,11793441785527502491
2,6,81,16921863253854307601
2,7,1,2980487889756941613
2,7,2,13201143229209281580
2,7,3,10657401153899091915
2,7,4,7992955416265293444
2,7,5,16311400340974937670
2,7,6,7250525120321910811
2,7,7,3301508844758853666
2,7,8,11682942543682065658
2,7,9,11510778549643033599
2,7,10,6049454826729514075
2,7,11,14812095647073126993
2,7,12,18437112216010789004
2,7,13,18095853075256946761
2,7,14,2343417941860733643
2,7,15,4284074493322401707
2,7,16,435942058094361136
2,7,17,11205153883264997749
2,7,18,2044071213632422228
2,7,19,7516301312129072545
2,7,20,16308338639532668515
2,7,21,10111265077010451801
2,7,22,6806905348495791891
2,7,23,3843305053871770689
2,7,24,8133967711601500834
2,7,25,17638705784676180165
2,7,26,2287874333833481697
2,7,27,8684049176499213322
2,7,28,15806947317973031939
2,7,29,800412890614228089
2,7,30,12758232030800039048
2,7,31,18059094374763419998
2,7,32,5225370400812053951
2,7,33,2467814664525607248
2,7,34,12641179039396222706
2,7,35,16776475419613497142
2,7,36,11268543782499421274
2,7,37,16601752396143678630
2,7,38,3568222853598475740
2,7,39,13916677244133244106
2,7,40,6387382813308994775
2,7,41,7722275860147013349
2,7,42,2872523858281501932
2,7,43,15107894177514858968
2,7,44,11527804428833668894
2,7,45,13624035071152384743
2,7,46,14851702686663929384
2,7,47,1240039184006496489
2,7,48,17538985727997873132
2,7,49,9178675716335019041
2,7,50,13929983277712356747
2,7,51,13694956255767513360
2,7,52,15331634540478098470
2,7,53,2886949512959630629
2,7,54,8435856889984392456
2,7,55,11401941675718678121
2,7,56,17195747695246691837
2,7,57,15404658928780548586
2,7,58,16517648440118994381
2,7,59,10745570078903458803
2,7,60,10749781218961716036
2,7,61,15770600014298365536
2,7,62,643158725567840374
2,7,63,16333117865683099295
2,7,64,7521305940034031353
2,7,65,671130062669213512
2,7,66,13764000177701133811
2,7,67,2856086700631316479
2,7,68,2654640073210765098
2,7,69,11177971570044618523
2,7,70,4694342997792643160
2,7,71,5979589645370071008
2,7,72,7411734280518010977
2,7,73,7496264651971490238
2,7,74,7123969195640763478
2,7,75,11248858188183158557
2,7,76,3078590482643407076
2,7,77,3469686249375489103
2,7,78,1745594516846806526
2,7,79,5961734509974308142
2,7,80,14196557637132031757
2,7,81,4318714837505597263
2,8,1,13657332399724149052
2,8,2,12780244003640212747
2,8,3,15201559833138014070
2,8,4,15273489935315941662
2,8,5,5411683186530241358
2,8,6,5706855240268022935
2,8,7,9648196890967308511
2,8,8,6000707272751940531
2,8,9,15344785801144597762
2,8,10,14947300532302734146
2,8,11,10274804469832532700
2,8,12,4850830249097265506
2,8,13,12554230575303017922
2,8,14,4310139814814070449
2,8,15,8419561951450899145
2,8,16,7094007008376456200
2,8,17,9935442865667365917
2,8,18,18293704803774310677
2,8,19,13931357438819400795
2,8,20,18086199742493131460
2,8,21,4330975316559661876
2,8,22,9750194159812261872
2,8,23,948827799383034761
2,8,24,13961888182240819929
2,8,25,11104566714058042175
2,8,26,15811971748547323488
2,8,27,18230495508038417327
2,8,28,17145962298824304784
2,8,29,7554217118271480591
2,8,30,6298888583139790
2,8,31,9977444034640056902
2,8,32,3831953634276308816
2,8,33,4045068102777976163
2,8,34,6010064746600212450
2,8,35,1769954299111204631
2,8,36,13789562113890050618
2,8,37,13807553100390814223
2,8,38,10022105526630448410
2,8,39,6237440293495914570
2,8,40,15353846142843038154
2,8,41,10193157567432648395
2,8,42,17663552795630169660
2,8,43,16469867786399637906
2,8,44,6576331003881243070
2,8,45,10079335854695460537
2,8,46,6395149438344790497
2,8,47,11488683626760532588
2,8,48,14695131670113145814
2,8,49,13758963409556195955
2,8,50,2315734751632059248
2,8,51,15170491768939918060
2,8,52,463944859081263092
2,8,53,7644863467634120795
2,8,54,13492086403641873205
2,8,55,14413806324498966022
2,8,56,6775229305299030147
2,8,57,13740386755451971821
2,8,58,16459424453898062802
2,8,59,4475242656892625580
2,8,60,2390642253603264713
2,8,61,4151769572144609432
2,8,62,6456617064596918500
2,8,63,5295776437199854830
2,8,64,17109133920502583785
2,8,65,946571647084101211
2,8,66,10932771947016981996
2,8,67,3004954336341691816
2,8,68,15465856611644333715
2,8,69,3090953630761749134
2,8,70,9263966232069526429
2,8,71,18434375122799354623
2,8,72,6556104825391430618
2,8,73,868430508295456923
2,8,74,3941342165691396250
2,8,75,7338836501636654594
2,8,76,6155091609019478930
2,8,77,4235419138598551693
2,8,78,17268369297369599728
2,8,79,12602608653350881331
2,8,80,17747866985595137669
2,8,81,8079179021741072102
2,9,1,17346149677426157611
2,9,2,107624195832960023
2,9,3,11258177505428381254
2,9,4,14777239469263007014
2,9,5,4297750735802276948
2,9,6,17201011105166527889
2,9,7,14079713100160843101
2,9,8,15245303091642877312
2,9,9,10578536056511635310
2,9,10,14620551211778174097
2,9,11,6069738740338955479
2,9,12,4122145855323073575
2,9,13,5762510973764412269
2,9,14,10782555083182819007
2,9,15,15309213798085634553
2,9,16,5358087243615966034
2,9,17,7425817747896769942
2,9,18,15902150399522719427
2,9,19,11339943068949660120
2,9,20,18284187378271746191
2,9,21,3757580988884704933
2,9,22,15259314260386666037
2,9,23,12467446287927653204
2,9,24,4592307212984748294
2,9,25,8776695613362217125
2,9,26,7361638650024270878
2,9,27,11057683934837837111
2,9,28,14767038581698848515
2,9,29,1938176726588079228
2,9,30,15152933881950134965
2,9,31,15515304289760383907
2,9,32,6539485918995930564
2,9,33,7933381341763854468
2,9,34,10555950407548506946
2,9,35,12927934565885914378
2,9,36,13696149483794745594
2,9,37,13980494954189129498
2,9,38,7178158773766435884
2,9,39,7919233131110178871
2,9,40,17641445239574720955
2,9,41,10569456200028840551
2,9,42,15674605199194398629
2,9,43,5097671306795199136
2,9,44,11479844387150477819
2,9,45,10853357457138495930
2,9,46,17772856195132052346
2,9,47,1584625033705049241
2,9,48,9232575069857536271
2,9,49,9621631255970596079
2,9,50,1663269107865669608
2,9,51,16688151046294587681
2,9,52,16314096290701018646
2,9,53,8097929980802109763
2,9,54,14420237045872911446
2,9,55,2738696393481942866
2,9,56,11433585840584964792
2,9,57,4807658401595093097
2,9,58,8220906157928303909
2,9,59,15569042931703588229
2,9,60,3619341995494791821
2,9,61,5605073163816080927
2,9,62,8915211225039017175
2,9,63,6231532431685958712
2,9,64,14729463746949445434
2,9,65,18215930515895626311
2,9,66,2933909607939368548
2,9,67,4369660760059598861
2,9,68,12953979506403893145
2,9,69,6926229658553990027
2,9,70,17961685129370609087
2,9,71,17935871670803058443
2,9,72,11874133088002671851
2,9,73,15866023879564710457
2,9,74,7413440127613020596
2,9,75,11657065622309689359
2,9,76,18174408135792161507
2,9,77,10320536608021394648
2,9,78,17221731087014786081
2,9,79,13287986739791142610
2,9,80,8928934539568673577
2,9,81,11788043104245469889
2,10,1,16374010171514560559
2,10,2,3666046056795302555
2,10,3,7293220520158416139
2,10,4,18302403790171410712
2,10,5,7422077187791808091
2,10,6,12153756836125352111
2,10,7,16626938204774475124
2,10,8,18361552849943264141
2,10,9,12048735856144383268
2,10,10,2000299009917128214
2,10,11,666186352140408328
2,10,12,11401770815649545127
2,10,13,10461966923577135479
2,10,14,17745115801548235431
2,10,15,13763216562325205961
2,10,16,12221264915306990251
2,10,17,9653426870093374514
2,10,18,4794203179030195116
2,10,19,17745652814016868347
2,10,20,9965005658880033608
2,10,21,558385934600878421
2,10,22,12844734770817081333
2,10,23,9587070850688390727
2,10,24,1088921565843254829
2,10,25,16418270705571002993
2,10,26,6091156187666907787
2,10,27,4237239142643857742
2,10,28,2101981419442533910
2,10,29,5735511727436414292
2,10,30,4213832603312123428
2,10,31,12027224945567259969
2,10,32,1220438861261816118
2,10,33,5080812205215824818
2,10,34,5198665751185466440
2,10,35,16234357013972324022
2,10,36,8196448406778774567
2,10,37,13944154347216765730
2,10,38,11128853793509262093
2,10,39,14448706337552783923
2,10,40,2101649399726145763
2,10,41,18051317629036556016
2,10,42,15653845720537928043
2,10,43,934262872080852003
2,10,44,8599905822094025488
2,10,45,6007242546468984063
2,10,46,11625232647963935950
2,10,47,4248269725152649853
2,10,48,10696989646765347227
2,10,49,11126270186365257426
2,10,50,11065816173869258420
2,10,51,8272034351028927236
2,10,52,653447480207627747
2,10,53,9478210759285744551
2,10,54,7521293951983159327
2,10,55,1993097511871404322
2,10,56,8483208035173859570
2,10,57,8317318671641994909
2,10,58,10166744731418795888
2,10,59,14857087367299874703
2,10,60,12928401962900090860
2,10,61,16089905099375564955
2,10,62,962775314282438522
2,10,63,4052404909825986895
2,10,64,8478898534616023068
2,10,65,17681823955287954097
2,10,66,14573764439165282925
2,10,67,8335615307801933253
2,10,68,6150664389206730075
2,10,69,1090116075874841872
2,10,70,13667290488395477199
2,10,71,9348708883086038175
2,10,72,3687972949976228155
2,10,73,7880330067603508238
2,10,74,3111786277675422972
2,10,75,13866317850041936290
2,10,76,6794873802875439462
2,10,77,17373471812759117494
2,10,78,316777427865851809
2,10,79,15293382226588566865
2,10,80,11558563438258461787
2,10,81,9938119080545962690
2,11,1,11999747864034775998
2,11,2,13403948981747423122
2,11,3,1743006431639257408
2,11,4,16188381784564775579
2,11,5,264934767011773341
2,11,6,5428925145260731420
2,11,7,3318843692993383463
2,11,8,17087113331402031421
2,11,9,1257707085843488634
2,11,10,10719277967860793002
2,11,11,11753365551606492469
2,11,12,12013797497340260764
2,11,13,15949461092508226301
2,11,14,1032142000733027387
2,11,15,15068318291232205557
2,11,16,9756897391461566838
2,11,17,12808507127247750575
2,11,18,3918178815634011250
2,11,19,10021746203315264109
2,11,20,12959211590240485264
2,11,21,17643103587185027211
2,11,22,8200355615300687889
2,11,23,1575311849298775627
2,11,24,1057739052133910634
2,11,25,11611312083781357657
2,11,26,14686911472315345622
2,11,27,12750229680774982100
2,11,28,6369805771493892355
2,11,29,17465684684290807356
2,11,30,9595817717874565736
2,11,31,17594744832080385686
2,11,32,1357599914978539571
2,11,33,3819065268812624422
2,11,34,14296739767974881140
2,11,35,16863788781040690184
2,11,36,14435511521314925280
2,11,37,5451643651522672508
2,11,38,2801059141618405963
2,11,39,15641188409314967600
2,11,40,14478011807750577634
2,11,41,4995959383331131510
2,11,42,4202365852104358680
2,11,43,5921833149603177244
2,11,44,15302714276385246082
2,11,45,15166584538635783645
2,11,46,10527240517549911003
2,11,47,10548394949372825111
2,11,48,5276105822769498427
2,11,49,12896737795227307765
2,11,50,14688366524181825071
2,11,51,8145880314817228848
2,11,52,8231225149419777517
2,11,53,8589955334397553691
2,11,54,5147364418751616203
2,11,55,12458475556582700808
2,11,56,16669668243380321064
2,11,57,16759344671028375703
2,11,58,13783350871892119123
2,11,59,4805589122804512876
2,11,60,12721572755864975278
2,11,61,2431846596801868035
2,11,62,2278188320900846633
2,11,63,3521536045960099759
2,11,64,2688282712569220378
2,11,65,10792149763403840948
2,11,66,1353284384822013450
2,11,67,15169241375577134699
2,11,68,13335206061845785064
2,11,69,17079066268548516824
2,11,70,9087578091980587171
2,11,71,12080457166614985449
2,11,72,16419879943015124907
2,11,73,9934043538159010605
2,11,74,5205766500472955854
2,11,75,18003238589615531131
2,11,76,671932111168471389
2,11,77,6018150134273346272
2,11,78,17948933307613115700
2,11,79,6733663352943945518
2,11,80,5702803929169175583
2,11,81,2230439792613798381
2,12,1,16892895670656734743
2,12,2,2499131659942121934
2,12,3,6126493662878479112
2,12,4,16555581986939771874
2,12,5,9216893112020445241
2,12,6,11350064744329018512
2,12,7,10756904734679367624
2,12,8,12880511514873215881
2,12,9,541086175016953940
2,12,10,9737716764505166360
2,12,11,591639611587243770
2,12,12,15258082731519732890
2,12,13,6271638579310806440
2,12,14,15619060417063818118
2,12,15,4539182431665107516
2,12,16,10726620218675057326
2,12,17,17297085474258249745
2,12,18,881519848892038797
2,12,19,995711986783122735
2,12,20,380335510419570575
2,12,21,12571059672056986311
2,12,22,11042747150512242791
2,12,23,2103482907020315759
2,12,24,14688134105702148934
2,12,25,11397331766149573919
2,12,26,1295210917823664555
2,12,27,1277971450092266216
2,12,28,2508893453733717777
2,12,29,14552476277995174347
2,12,30,1704450801086141382
2,12,31,4387904696703550351
2,12,32,4494510691724299196
2,12,33,1933628542883286766
2,12,34,15833813687261013872
2,12,35,12879512491340027702
2,12,36,13535153399951075595
2,12,37,12000171985790597237
2,12,38,9523511044653789524
2,12,39,6020798306179009594
2,12,40,12207616097997470070
2,12,41,2168700388028837621
2,12,42,2726750003895969899
2,12,43,364593706086913480
2,12,44,17788042850265781573
2,12,45,17900220593028138442
2,12,46,2284823064995776811
2,12,47,8622193072757596444
2,12,48,12113866254253576575
2,12,49,5352978915888256631
2,12,50,13918744348330608065
2,12,51,10295460770072689121
2,12,52,7891380577726629395
2,12,53,4928860399529167218
2,12,54,13903976459363173840
2,12,55,16572118247318676979
2,12,56,13437420650969243967
2,12,57,7504691448402561383
2,12,58,17308872247144532038
2,12,59,4711804925907747034
2,12,60,9835125861748117953
2,12,61,17612118779325886885
2,12,62,4939070394566057195
2,12,63,4613246962371764124
2,12,64,17112541177188321803
2,12,65,1265121061306320877
2,12,66,5522962280507139803
2,12,67,10912789979028387874
2,12,68,3750207290978973777
2,12,69,11729974733429293242
2,12,70,14727331837841449870
2,12,71,9254750897767927697
2,12,72,12005364999966853162
2,12,73,14682777881393359591
2,12,74,4304986054221673402
2,12,75,11083522197563450360
2,12,76,2074564689303315525
2,12,77,9514197115073667705
2,12,78,15455432671930194195
2,12,79,16985579540550880944
2,12,80,9190683026667300199
2,12,81,5121021427361586794
2,13,1,12036868676842258961
2,13,2,16921176248604871717
2,13,3,9404877904949759491
2,13,4,17970660927318162801
2,13,5,3639154185606971998
2,13,6,2051000926758512148
2,13,7,5485218460185088947
2,13,8,7312631320606173966
2,13,9,7761572366516488165
2,13,10,5745706161516241674
2,13,11,12799147273848594610
2,13,12,1694736124663620853
2,13,13,7417225734552093644
2,13,14,5445124640684487335
2,13,15,5653867681082452350
2,13,16,1947259175241576488
2,13,17,10954185780201144416
2,13,18,5215402065712035786
2,13,19,2863333540794843408
2,13,20,12150264340293726
2,13,21,5231412040256278929
2,13,22,10160667320554116952
2,13,23,16065309779474462080
2,13,24,779438139672594159
2,13,25,16689174821853341539
2,13,26,2416045488991024457
2,13,27,15379584576969383198
2,13,28,14766035169003688496
2,13,29,16931899077619408490
2,13,30,2532805561279015209
2,13,31,9310667792223433284
2,13,32,7470165450907432808
2,13,33,3201841258805663237
2,13,34,10610264928532357225
2,13,35,11182747084844487041
2,13,36,3955825726389958397
2,13,37,9591057242049924718
2,13,38,18247257393900301820
2,13,39,9037339647353183193
2,13,40,12818148319386793647
2,13,41,7589393153714394443
2,13,42,641517730224047596
2,13,43,5401788769688429607
2,13,44,14783990608581835316
2,13,45,6391833508536193388
2,13,46,1536907896678772175
2,13,47,9428248384425200437
2,13,48,6766881944022173695
2,13,49,13640989240961443408
2,13,50,9679747434556323514
2,13,51,14840790761365268268
2,13,52,15069351479549184775
2,13,53,3495131860745892676
2,13,54,2281741511390488927
2,13,55,15144711944997323556
2,13,56,11767134172113120911
2,13,57,297357955541993287
2,13,58,16527445653732512622
2,13,59,9506991843930871982
2,13,60,10044656900436826277
2,13,61,11186884193931708255
2,13,62,14027572364154912447
2,13,63,15778364789716408380
2,13,64,7062676344710798972
2,13,65,1561501888530320291
2,13,66,13537572942881404511
2,13,67,6124122227076054699
2,13,68,15490644676573218602
2,13,69,6857084723865093067
2,13,70,15277875128528858141
2,13,71,3256193971855196382
2,13,72,2389219686674620865
2,13,73,16230987214701283287
2,13,74,813116458830903126
2,13,75,12667748447396399560
2,13,76,13535721074813807065
2,13,77,8064408150082414546
2,13,78,7006791253210577850
2,13,79,18071490014216493901
2,13,80,7360129507769780905
2,13,81,8120015410596679265
2,14,1,2892594990201990996
2,14,2,6014270947681711664
2,14,3,5793420059960531452
2,14,4,16500624812578743614
2,14,5,4556791878646043709
2,14,6,5731016234429821905
2,14,7,7542300074116877209
2,14,8,13060495727191134338
2,14,9,2649645897046919744
2,14,10,16073055188968460251
2,14,11,1533955577870585558
2,14,12,8517559688344064881
2,14,13,560578554711085394
2,14,14,13894097445513835420
2,14,15,12913507983412517078
2,14,16,3957052576283574022
2,14,17,12542027781741154631
2,14,18,10280235422926259766
2,14,19,15692255968654810402
2,14,20,10303714775686548223
2,14,21,16634787983992796636
2,14,22,7738735721432947050
2,14,23,6606302047295667393
2,14,24,9020227585356890974
2,14,25,4721668130822343323
2,14,26,17140147776872128702
2,14,27,8610143603399881487
2,14,28,4685617766954041072
2,14,29,7954576400255420668
2,14,30,12959391206458814698
2,14,31,7421676084684836750
2,14,32,3354357458973033390
2,14,33,15795045212664603758
2,14,34,10776610555534229109
2,14,35,6891312227034831711
2,14,36,4089542533725753851
2,14,37,4039728362916522130
2,14,38,9633488164578606313
2,14,39,7995237768767744002
2,14,40,13674645047152729385
2,14,41,1299566289218244372
2,14,42,15630543074484078273
2,14,43,12541576721041453678
2,14,44,2520775670188356522
2,14,45,15834725505213730799
2,14,46,3686288929672075798
2,14,47,11203444093470542296
2,14,48,10017411799003655149
2,14,49,2994362096938330680
2,14,50,104280586005290188
2,14,51,14231389002919232640
2,14,52,14107840345476242087
2,14,53,7767358550504898008
2,14,54,1048018315980282833
2,14,55,10805124928586061869
2,14,56,3212597205800787108
2,14,57,13440494345366122145
2,14,58,9855930275334617352
2,14,59,4668212180677311800
2,14,60,16916711230061909836
2,14,61,13986220469336017990
2,14,62,16362828933331869976
2,14,63,1269102299332088586
2,14,64,3385497690757192689
2,14,65,13596590652284300278
2,14,66,12852120501092672624
2,14,67,14332989232452856605
2,14,68,9258483951102629148
2,14,69,7849031110537611968
2,14,70,11275334903357916514
2,14,71,15786204948215150116
2,14,72,12374022571527650697
2,14,73,9658568465683281322
2,14,74,5512171393314888092
2,14,75,12985937413004982262
2,14,76,7039478180509154708
2,14,77,10471939858781033009
2,14,78,16378143831749035251
2,14,79,15549669749529945963
2,14,80,16579906976644736774
2,14,81,17321549759208016025
2,15,1,15042123631148656839
2,15,2,25047500634597728
2,15,3,57013270228433297
2,15,4,1613514792991074779
2,15,5,4809570708273436521
2,15,6,420561259627042168
2,15,7,7822984046581038509
2,15,8,6291538288255045244
2,15,9,9986217434630111533
2,15,10,17084804060077736080
2,15,11,5506342887147878730
2,15,12,6236563607412139031
2,15,13,15854609553621531130
2,15,14,6280716229424512286
2,15,15,2547871647727447099
2,15,16,9367237417040710301
2,15,17,15802522882145273977
2,15,18,7089334903379379514
2,15,19,12833232446117114988
2,15,20,11582787672716784265
2,15,21,8308195040129457298
2,15,22,8736709005334315666
2,15,23,17518990163933333184
2,15,24,1540258212617552850
2,15,25,5161932398631444197
2,15,26,8245829412009998179
2,15,27,10838776767044328615
2,15,28,16189492456486568257
2,15,29,8653377237679906410
2,15,30,8068946602178429935
2,15,31,13764682698191629988
2,15,32,8631424537122937923
2,15,33,15879461866521360496
2,15,34,8605627759914713931
2,15,35,9188405984689032918
2,15,36,8991508429214448319
2,15,37,4232951741776635543
2,15,38,1578160153203548165
2,15,39,1243002715260882618
2,15,40,16387920202280690723
2,15,41,4301184630586558649
2,15,42,15893636461619740117
2,15,43,13129195092832388285
2,15,44,16100557869298268649
2,15,45,17303083026379103408
2,15,46,2576812309484990560
2,15,47,7266175199067939269
2,15,48,18088191601731247627
2,15,49,11894350398793408244
2,15,50,16535841672451179149
2,15,51,8895580868939557049
2,15,52,259971357646495465
2,15,53,11490114276465142668
2,15,54,4262956950218504733
2,15,55,9729439383939387524
2,15,56,13373741127910509884
2,15,57,11204843668761799432
2,15,58,10853445289369988411
2,15,59,7995461612143943545
2,15,60,4504194965696772893
2,15,61,7912921946928356165
2,15,62,187740841458724759
2,15,63,11230773396545317089
2,15,64,17671523136605990158
2,15,65,1760677620020455245
2,15,66,656530017510789541
2,15,67,16348152336745507878
2,15,68,4555264076596167579
2,15,69,164453746269917658
2,15,70,15032625729189442095
2,15,71,2591757174609462046
2,15,72,16230671054521047945
2,15,73,1759391139862117748
2,15,74,6503585979962890992
2,15,75,10946677376135611150
2,15,76,10794695855070890750
2,15,77,12316554704367048230
2,15,78,11953990339874721962
2,15,79,7994248275887245107
2,15,80,2578094123240746403
2,15,81,13870651257476345343
